"Run_ID"	"Orig_ID"	"Tr"	"Solution"	"Inbreeding"
1607	910748	1	901.6044	0
1478	910150	1	899.47164	0
2094	940279	1	823.82762	0
1634	910844	1	798.6292	0
988	890213	1	789.20241	0
1984	930865	1	788.14872	0
1922	930666	1	783.54713	0
1647	920017	1	764.13885	0
2076	940203	1	760.21575	0
1784	920761	1	753.88933	0
1057	890507	1	750.79884	0
1811	930063	1	745.82272	0
1939	930713	1	737.6565	0
1718	920458	1	731.81487	0
1900	930580	1	731.53278	0
1845	930265	1	729.61192	0
79	3998	1	717.32642	0
82	4096	1	703.75757	0
2278	950195	1	698.52553	0
1289	900403	1	694.07586	0
2173	940660	1	691.44699	0
2257	950124	1	678.46439	0
2191	940713	1	670.77453	0
1357	900701	1	667.84552	0
2282	950241	1	662.10855	0
1793	920820	1	661.29779	0
1402	900856	1	660.27717	0
169	830374	1	655.60488	0
2159	940622	1	650.70101	0
1895	930554	1	649.93608	0
2124	940376	1	649.14124	0
1953	930758	1	646.41943	0
2254	950105	1	644.44046	0
1875	930409	1	639.90495	0
1125	890758	1	634.59549	0
1943	930726	1	631.41796	0
1106	890702	1	626.64264	0
1703	920399	1	623.86761	0
436	860026	1	622.54701	0
1341	900611	1	620.41009	0
1615	910778	1	618.39018	0
1473	910131	1	612.99779	0
1752	920577	1	612.89817	0
1988	930872	1	612.5533	0
1935	930700	1	611.87563	0
1445	910023	1	611.20426	0
1785	920777	1	609.52512	0
1829	930163	1	607.33007	0
439	860035	1	606.33073	0
1284	900383	1	606.26121	0
441	860043	1	600.73134	0
1302	900458	1	598.17442	0
1838	930227	1	597.11564	0
2179	940675	1	596.73178	0
1832	930181	1	593.13672	0
1052	890480	1	589.3845	0
1864	930342	1	589.32638	0
1940	930714	1	587.1494	0
710	880070	1	583.96552	0
1908	930606	1	583.24161	0
1713	920443	1	581.94879	0
1100	890684	1	571.94232	0
1898	930574	1	564.83938	0
1892	930530	1	563.30263	0
2006	930913	1	560.32859	0
2039	940071	1	559.55588	0
1750	920565	1	559.39666	0
2137	940493	1	555.54916	0
2221	940800	1	553.97247	0
1759	920618	1	552.70114	0
1789	920800	1	552.10798	0
1179	900015	1	546.308	0
1821	930094	1	542.96055	0
2177	940667	1	542.63239	0
2277	950192	1	542.41878	0
1109	890711	1	542.38382	0
1819	930083	1	539.28845	0
1493	910212	1	538.10297	0
997	890242	1	534.36309	0
1857	930324	1	533.80579	0
2095	940281	1	533.48399	0
1080	890618	1	524.74595	0
1961	930788	1	523.49562	0
1841	930234	1	517.45421	0
483	860339	1	514.06817	0
1932	930695	1	513.00083	0
1912	930620	1	512.78694	0
85	4167	1	505.64952	0
1021	890330	1	503.89073	0
1719	920462	1	500.21545	0
2240	950062	1	499.6006	0
1781	920755	1	497.80748	0
2072	940173	1	497.70227	0
2195	940722	1	497.59669	0
1582	910643	1	495.52139	0
2130	940417	1	495.13646	0
86	4204	1	494.29637	0
1277	900328	1	493.45268	0
1609	910755	1	488.26777	0
2054	940116	1	487.16561	0
1110	890713	1	487.12306	0
1799	930002	1	486.78787	0
1423	900918	1	485.42743	0
1159	890875	1	483.47077	0
395	851035	1	482.23428	0
1197	900070	1	478.7978	0
1901	930582	1	477.84908	0
1535	910386	1	475.50649	0
602	870403	1	469.32095	0
749	880173	1	468.99812	0
2115	940341	1	468.16714	0
1206	900096	1	466.28611	0
1020	890329	1	466.24557	0
2086	940226	1	466.00444	0
1644	920014	1	465.53749	0
1840	930232	1	463.29795	0
1218	900134	1	462.55422	0
1885	930473	1	461.5564	0
1071	890567	1	461.47696	0
1540	910434	1	459.2788	0
2103	940308	1	458.93028	0
1372	900762	1	458.83737	0
1879	930438	1	457.37406	0
1184	900031	1	455.15086	0
1959	930776	1	454.87822	0
78	3978	1	454.25216	0
1919	930659	1	454.24129	0
1219	900136	1	451.93769	0
1787	920796	1	451.3314	0
2023	940036	1	451.29381	0
1950	930744	1	448.77165	0
1771	920681	1	446.66255	0
2004	930909	1	444.90149	0
1013	890297	1	443.56465	0
1697	920321	1	443.04145	0
1236	900206	1	442.63332	0
1766	920662	1	441.414	0
2153	940602	1	441.1332	0
946	890078	1	439.86027	0
2214	940783	1	439.56168	0
1363	900723	1	438.12176	0
1786	920782	1	437.29076	0
1249	900251	1	436.94519	0
1210	900107	1	435.80457	0
968	890141	1	435.64235	0
1205	900095	1	435.20021	0
74	3634	1	430.59667	0
1705	920405	1	430.56961	0
1031	890362	1	430.42719	0
1173	890937	1	428.24495	0
1311	900492	1	425.62131	0
2036	940065	1	425.56203	0
1769	920674	1	425.29357	0
1872	930386	1	425.2927	0
1105	890700	1	425.01916	0
1042	890437	1	423.24286	0
990	890216	1	419.56368	0
1642	920007	1	418.1769	0
456	860097	1	415.49059	0
1976	930838	1	413.64197	0
1255	900263	1	411.84512	0
1767	920668	1	411.25113	0
1417	900910	1	411.2231	0
2178	940669	1	408.3978	0
995	890235	1	407.1614	0
1200	900079	1	406.48861	0
1955	930762	1	405.76751	0
1618	910793	1	403.67912	0
1380	900782	1	402.86684	0
1570	910598	1	402.46982	0
1339	900602	1	402.40037	0
2175	940664	1	401.80988	0
80	4020	1	398.00563	0
1764	920654	1	397.98951	0
1640	920002	1	397.93197	0
1153	890843	1	397.52632	0
1189	900047	1	397.40876	0
1624	910810	1	396.69032	0
2151	940597	1	396.53141	0
2147	940578	1	395.22175	0
513	860892	1	394.30674	0
1909	930608	1	393.59062	0
2227	950007	1	392.72876	0
1760	920620	1	392.4548	0
1906	930598	1	392.41377	0
1002	890256	1	392.28165	0
1923	930669	1	392.00891	0
883	880814	1	391.53112	0
1431	901008	1	390.10339	0
1934	930699	1	388.58569	0
1165	890898	1	385.76524	0
1593	910697	1	384.58882	0
1177	890955	1	383.90553	0
1783	920758	1	383.62093	0
1539	910417	1	382.19635	0
2077	940204	1	381.74097	0
2096	940291	1	381.6719	0
2190	940708	1	381.38011	0
2144	940557	1	379.35134	0
2000	930903	1	377.16539	0
2269	950156	1	374.59852	0
588	870287	1	374.38487	0
1761	920627	1	373.51397	0
941	890054	1	371.03298	0
1419	900913	1	371.03252	0
420	851129	1	370.8892	0
1947	930736	1	369.12313	0
1800	930003	1	368.70736	0
1178	890958	1	368.6801	0
1108	890706	1	365.43532	0
1755	920600	1	365.09564	0
2139	940500	1	364.86171	0
1938	930712	1	364.36883	0
2012	940010	1	363.92913	0
1035	890385	1	363.18349	0
996	890236	1	362.80384	0
1527	910340	1	362.61326	0
1727	920489	1	360.51881	0
1181	900023	1	358.95185	0
1486	910185	1	358.6172	0
1404	900859	1	358.4445	0
1828	930148	1	358.03689	0
870	880743	1	357.90607	0
1081	890620	1	357.88024	0
1547	910473	1	356.97081	0
1774	920707	1	356.30314	0
1135	890787	1	356.29546	0
1902	930585	1	355.96953	0
1082	890627	1	355.92902	0
1565	910570	1	355.69606	0
1117	890737	1	355.2176	0
1552	910484	1	354.94982	0
1509	910266	1	354.578	0
1880	930447	1	353.12144	0
1242	900229	1	351.83804	0
1557	910518	1	351.33945	0
1470	910122	1	350.75427	0
1874	930398	1	348.9722	0
1056	890502	1	347.68109	0
1076	890594	1	345.83075	0
1432	901009	1	345.61194	0
1871	930384	1	345.43424	0
2207	940770	1	345.38026	0
1222	900149	1	344.97527	0
2192	940715	1	344.62329	0
2063	940143	1	343.96383	0
1778	920730	1	343.64387	0
2109	940319	1	342.99106	0
1375	900771	1	342.83315	0
844	880652	1	341.58649	0
1482	910172	1	341.45005	0
1992	930881	1	341.28322	0
999	890248	1	340.24651	0
2224	950004	1	339.75812	0
1808	930055	1	339.63796	0
1434	910006	1	339.22086	0
2110	940320	1	338.30282	0
1524	910325	1	338.22834	0
1916	930640	1	338.21121	0
594	870333	1	337.89254	0
2140	940517	1	337.31365	0
1915	930639	1	335.1437	0
1233	900198	1	334.49721	0
1775	920711	1	333.99029	0
890	880830	1	333.82073	0
998	890246	1	332.30161	0
430	860001	1	331.94151	0
2035	940064	1	331.54093	0
1851	930287	1	329.87089	0
1276	900326	1	329.69005	0
1860	930332	1	329.31972	0
1154	890848	1	329.09038	0
1844	930254	1	327.80453	0
1148	890827	1	327.67326	0
1192	900053	1	327.00909	0
1631	910832	1	326.03006	0
238	840580	1	325.93574	0
971	890145	1	325.7953	0
2170	940650	1	322.60163	0
1360	900708	1	322.57442	0
1190	900050	1	321.14881	0
1896	930562	1	321.00909	0
1531	910368	1	319.45766	0
1479	910160	1	319.44246	0
1699	920346	1	318.89667	0
1187	900043	1	317.37462	0
1890	930514	1	316.32695	0
1883	930456	1	316.085	0
1143	890814	1	315.48538	0
311	850206	1	315.29938	0
1005	890262	1	314.44247	0
1414	900893	1	311.54421	0
1433	910003	1	310.73104	0
1180	900018	1	310.60718	0
1199	900073	1	310.1812	0
1742	920537	1	309.54727	0
44	2403	1	309.22918	0
1275	900324	1	309.00216	0
1801	930004	1	308.64872	0
372	850875	1	304.61206	0
1099	890683	1	303.44924	0
19	1043	1	302.78397	0
466	860190	1	302.74196	0
1721	920475	1	302.6506	0
1152	890837	1	302.47125	0
1501	910236	1	301.65974	0
1782	920757	1	301.12455	0
1077	890596	1	300.99945	0
1595	910706	1	300.96689	0
1075	890584	1	300.966	0
1325	900535	1	300.95245	0
1732	920513	1	300.70402	0
1965	930811	1	299.4513	0
1139	890793	1	299.32097	0
1387	900799	1	298.90649	0
897	880851	1	297.70434	0
2028	940046	1	297.68035	0
1780	920748	1	296.31334	0
125	820419	1	295.26087	0
902	880858	1	295.08272	0
2129	940413	1	294.98145	0
1702	920398	1	294.46913	0
2132	940422	1	294.17796	0
956	890103	1	294.17295	0
625	870591	1	293.01689	0
1514	910276	1	292.95294	0
2216	940786	1	292.51939	0
1812	930065	1	292.43987	0
2017	940025	1	292.34559	0
1104	890698	1	292.08879	0
1865	930346	1	292.06848	0
2041	940077	1	291.8547	0
1383	900795	1	291.52325	0
1613	910765	1	288.70556	0
939	890049	1	288.33242	0
1656	920061	1	288.27907	0
1525	910332	1	288.24339	0
162	830310	1	287.93218	0
1658	920066	1	287.31681	0
2146	940577	1	285.98325	0
1888	930493	1	285.41541	0
510	860822	1	284.54021	0
301	850137	1	283.23075	0
1049	890466	1	283.13437	0
1033	890377	1	282.40512	0
1036	890391	1	282.23739	0
1174	890938	1	282.15054	0
724	880108	1	281.96738	0
1616	910785	1	281.8914	0
1846	930270	1	281.8024	0
1038	890409	1	281.77963	0
2149	940590	1	281.29556	0
178	830436	1	281.00511	0
1102	890689	1	280.87673	0
991	890223	1	280.2395	0
1882	930454	1	280.16758	0
2281	950239	1	280.14187	0
1073	890580	1	279.58309	0
1161	890883	1	278.05402	0
1944	930727	1	277.57107	0
2148	940586	1	276.7375	0
1679	920176	1	276.19025	0
1067	890558	1	275.9035	0
1765	920660	1	275.72333	0
2102	940307	1	275.64766	0
793	880359	1	275.46045	0
272	841045	1	274.60581	0
2155	940609	1	274.31438	0
2157	940616	1	274.18147	0
1129	890771	1	273.71641	0
1126	890760	1	273.3369	0
1068	890563	1	273.27328	0
2031	940052	1	272.92509	0
1601	910725	1	272.17452	0
1066	890551	1	271.83656	0
2100	940303	1	271.82312	0
847	880655	1	271.72307	0
1264	900288	1	271.51349	0
110	820279	1	270.81355	0
731	880122	1	269.75293	0
449	860071	1	269.62694	0
423	851151	1	269.35199	0
1439	910014	1	268.9766	0
1805	930048	1	267.9046	0
2165	940638	1	267.76492	0
2199	940746	1	267.63834	0
586	870277	1	267.47008	0
2073	940193	1	267.22211	0
2252	950099	1	267.00535	0
1164	890892	1	266.74346	0
1520	910301	1	266.18083	0
1401	900855	1	264.84029	0
31	1826	1	264.44755	0
1968	930817	1	263.28868	0
1856	930313	1	263.0069	0
800	880395	1	262.47346	0
2253	950103	1	262.30207	0
539	861291	1	262.19103	0
1731	920502	1	261.98971	0
1979	930847	1	261.64184	0
1507	910256	1	261.60124	0
1754	920587	1	260.71358	0
1418	900912	1	260.68687	0
1169	890921	1	258.87616	0
1254	900262	1	258.77063	0
1370	900752	1	256.87649	0
1010	890280	1	255.95787	0
472	860244	1	255.80642	0
1495	910217	1	255.70624	0
2265	950143	1	255.04311	0
1318	900516	1	254.86212	0
1157	890860	1	254.28908	0
1228	900179	1	253.19872	0
508	860806	1	253.0831	0
942	890060	1	252.71467	0
1563	910565	1	252.43034	0
487	860431	1	252.0311	0
1300	900446	1	251.93901	0
1550	910482	1	251.23334	0
1674	920145	1	251.20319	0
663	870868	1	249.81943	0
972	890146	1	249.73663	0
1701	920392	1	249.67123	0
920	880912	1	249.35061	0
728	880114	1	249.2164	0
1573	910608	1	248.62888	0
1381	900784	1	248.55298	0
1816	930078	1	247.17067	0
72	3438	1	245.54523	0
1182	900028	1	245.37539	0
1569	910595	1	245.16175	0
1406	900872	1	245.12109	0
43	2401	1	244.39445	0
1523	910308	1	244.05941	0
1621	910804	1	243.87054	0
494	860629	1	243.10867	0
1217	900130	1	242.83384	0
1355	900689	1	242.17641	0
2034	940060	1	242.0561	0
1945	930730	1	241.873	0
1610	910760	1	241.5087	0
1589	910677	1	241.38802	0
1314	900502	1	241.17718	0
1241	900227	1	241.10338	0
1756	920611	1	240.87403	0
179	830445	1	239.69328	0
2001	930904	1	239.55408	0
776	880295	1	239.11874	0
2003	930907	1	238.78526	0
1791	920815	1	238.10504	0
780	880307	1	237.71468	0
1457	910077	1	237.25886	0
1050	890468	1	236.28186	0
500	860708	1	236.22838	0
1149	890828	1	236.13482	0
781	880308	1	233.59869	0
2090	940247	1	231.83716	0
606	870440	1	231.57806	0
290	850031	1	231.25776	0
1051	890469	1	231.20823	0
1957	930765	1	230.93362	0
424	851163	1	230.66193	0
1107	890705	1	229.09612	0
1772	920694	1	228.8086	0
2138	940498	1	228.21971	0
206	840124	1	225.47306	0
1477	910145	1	225.41737	0
1292	900415	1	224.19588	0
1391	900811	1	224.13805	0
1942	930724	1	224.03287	0
2	54	1	223.9964	0
122	820382	1	223.0304	0
1499	910232	1	221.7318	0
1730	920501	1	219.76507	0
1905	930596	1	219.53229	0
1723	920479	1	219.05326	0
2097	940299	1	218.34913	0
992	890229	1	218.22987	0
504	860780	1	218.22636	0
976	890160	1	217.33323	0
1369	900750	1	216.766	0
411	851093	1	216.53993	0
1736	920520	1	216.39249	0
1970	930821	1	215.84661	0
884	880818	1	215.7897	0
1973	930827	1	215.67456	0
277	841079	1	215.23415	0
2134	940463	1	214.34344	0
237	840573	1	214.09327	0
1072	890570	1	213.81627	0
2131	940421	1	213.52655	0
675	870910	1	213.49045	0
63	3144	1	211.73743	0
929	890012	1	211.73229	0
2203	940761	1	211.71553	0
1069	890564	1	210.57616	0
636	870706	1	209.79608	0
2219	940796	1	209.75642	0
1716	920451	1	209.44884	0
215	840270	1	208.63845	0
1046	890456	1	208.44275	0
1717	920456	1	208.35949	0
570	870199	1	208.34725	0
73	3481	1	207.7585	0
2262	950138	1	207.2846	0
1733	920515	1	207.25688	0
2233	950039	1	207.06468	0
381	850941	1	207.01785	0
1089	890656	1	206.95965	0
567	870181	1	206.64633	0
530	861221	1	206.29841	0
1737	920521	1	206.18971	0
1941	930723	1	206.16186	0
993	890230	1	205.9596	0
758	880210	1	204.62806	0
1536	910388	1	204.42795	0
1329	900555	1	203.78591	0
895	880846	1	203.70041	0
708	880062	1	203.59367	0
1585	910664	1	203.14745	0
1977	930839	1	202.34906	0
1878	930425	1	200.93915	0
1475	910135	1	200.47054	0
735	880136	1	199.93755	0
693	880020	1	198.53916	0
1722	920476	1	198.3565	0
1937	930710	1	198.28977	0
1429	900938	1	197.46297	0
1974	930831	1	197.27145	0
1927	930680	1	196.86636	0
2085	940225	1	196.86397	0
1877	930420	1	196.36633	0
876	880779	1	196.20472	0
391	851025	1	195.7793	0
123	820395	1	195.74963	0
1817	930080	1	194.6588	0
28	1726	1	193.79555	0
756	880202	1	193.64792	0
1850	930278	1	193.23552	0
2057	940123	1	192.81627	0
98	820172	1	192.5737	0
979	890183	1	191.98001	0
516	860919	1	191.0236	0
2011	940008	1	190.77272	0
1460	910100	1	190.17273	0
1053	890486	1	189.98694	0
1425	900925	1	189.91702	0
1859	930329	1	189.82116	0
2200	940747	1	189.63698	0
1354	900687	1	189.21601	0
1356	900700	1	189.18559	0
1849	930275	1	189.09176	0
501	860746	1	188.81862	0
1649	920022	1	188.30947	0
691	880017	1	187.85224	0
1471	910127	1	187.75651	0
45	2428	1	187.59747	0
2005	930911	1	187.29762	0
1997	930891	1	186.67687	0
256	840838	1	186.60275	0
2201	940749	1	185.85565	0
155	830241	1	185.81474	0
1384	900796	1	185.44146	0
1118	890740	1	185.24621	0
1747	920548	1	185.21096	0
930	890013	1	184.53295	0
970	890144	1	184.40741	0
1245	900237	1	184.12239	0
1444	910022	1	183.09689	0
229	840517	1	181.70815	0
2244	950075	1	181.37445	0
204	840104	1	181.21648	0
638	870715	1	181.0511	0
135	830038	1	180.81977	0
1175	890939	1	180.66178	0
1949	930742	1	179.54622	0
1608	910751	1	179.10069	0
650	870790	1	178.54778	0
1003	890258	1	177.90419	0
2040	940073	1	177.81781	0
531	861231	1	177.52051	0
242	840654	1	176.57562	0
892	880836	1	176.38973	0
1626	910819	1	175.23945	0
306	850163	1	174.74656	0
1155	890849	1	174.59388	0
538	861279	1	174.49824	0
129	830010	1	174.3882	0
335	850524	1	174.37071	0
1257	900265	1	174.16905	0
1436	910010	1	173.42516	0
666	870877	1	173.33029	0
1039	890425	1	173.26466	0
1537	910391	1	173.21139	0
455	860088	1	173.1361	0
307	850170	1	172.77729	0
918	880910	1	172.24113	0
1456	910071	1	172.10856	0
1556	910516	1	171.51619	0
84	4152	1	171.12437	0
1472	910128	1	170.95228	0
1280	900350	1	170.31554	0
1854	930300	1	170.2471	0
1316	900510	1	169.59653	0
292	850048	1	169.33399	0
235	840567	1	169.26821	0
2230	950021	1	168.87227	0
2101	940306	1	168.87096	0
1492	910198	1	167.69769	0
1183	900030	1	167.37212	0
2007	930914	1	167.05338	0
1045	890455	1	166.00174	0
1768	920673	1	165.98983	0
1964	930801	1	165.87421	0
2194	940721	1	165.60655	0
1777	920718	1	165.58988	0
1685	920266	1	165.32552	0
603	870410	1	165.19298	0
1617	910789	1	164.79934	0
1171	890932	1	164.17407	0
322	850328	1	162.96195	0
234	840558	1	162.61668	0
977	890174	1	161.28377	0
70	3331	1	161.24315	0
1393	900817	1	160.83377	0
2033	940055	1	160.70937	0
618	870543	1	159.47897	0
151	830211	1	159.31511	0
1504	910246	1	159.18853	0
329	850428	1	158.9289	0
187	830496	1	158.6285	0
1853	930295	1	157.6284	0
1930	930686	1	157.48712	0
428	851179	1	157.48296	0
1904	930592	1	157.26329	0
2270	950159	1	156.5202	0
1193	900056	1	156.3774	0
566	870166	1	155.99828	0
1894	930548	1	155.88061	0
649	870784	1	155.65363	0
1437	910012	1	155.45146	0
1604	910738	1	155.39278	0
524	861105	1	155.14918	0
1519	910294	1	155.12991	0
1924	930671	1	154.24008	0
77	3970	1	153.83944	0
1489	910191	1	153.67831	0
894	880844	1	152.32896	0
274	841062	1	150.54619	0
1960	930785	1	150.24612	0
352	850768	1	150.21464	0
796	880381	1	149.90139	0
356	850790	1	148.28254	0
2029	940048	1	147.0026	0
460	860130	1	146.7044	0
646	870762	1	146.40536	0
355	850779	1	146.402	0
1612	910764	1	146.21913	0
336	850525	1	146.08646	0
526	861141	1	145.79671	0
845	880653	1	145.40687	0
1132	890783	1	145.25133	0
499	860701	1	144.60604	0
1168	890914	1	144.37276	0
722	880102	1	143.69506	0
2248	950091	1	143.6042	0
1580	910638	1	143.1467	0
1928	930681	1	142.83441	0
1952	930750	1	142.72127	0
1544	910456	1	142.6433	0
1466	910117	1	142.19051	0
1503	910244	1	141.44244	0
1085	890645	1	141.34216	0
1427	900932	1	141.22712	0
1331	900561	1	140.37637	0
587	870279	1	140.34618	0
2071	940172	1	140.23654	0
89	780004	1	140.18698	0
503	860779	1	139.99975	0
2185	940697	1	139.93148	0
1266	900297	1	139.05008	0
427	851177	1	138.63169	0
1533	910375	1	138.3813	0
1151	890833	1	138.00618	0
2105	940311	1	137.93167	0
770	880251	1	137.58701	0
598	870396	1	137.40368	0
2255	950106	1	137.12242	0
453	860084	1	136.009	0
674	870903	1	135.93843	0
1696	920318	1	135.69676	0
2055	940118	1	135.63983	0
604	870419	1	135.60991	0
543	870008	1	135.4694	0
1792	920818	1	133.71411	0
1131	890779	1	133.28539	0
1054	890489	1	133.18227	0
1348	900647	1	133.12937	0
167	830360	1	133.10629	0
2027	940045	1	132.55459	0
1529	910359	1	132.14928	0
718	880094	1	131.5681	0
26	1717	1	131.41346	0
1239	900221	1	131.41057	0
980	890185	1	130.73216	0
174	830418	1	130.59463	0
1996	930889	1	130.2362	0
1528	910345	1	130.08008	0
1070	890565	1	129.85764	0
1751	920567	1	129.64032	0
364	850849	1	129.59649	0
2197	940741	1	129.33064	0
2061	940133	1	127.91197	0
1	36	1	127.77807	0
798	880385	1	127.04028	0
737	880142	1	126.85821	0
1061	890528	1	126.6342	0
1320	900525	1	126.32446	0
2068	940163	1	126.27353	0
959	890112	1	125.89184	0
1340	900605	1	125.44682	0
1163	890886	1	125.08718	0
1836	930224	1	124.00404	0
1411	900883	1	123.97154	0
552	870065	1	123.76007	0
486	860398	1	123.67972	0
1666	920096	1	123.59477	0
414	851107	1	123.48729	0
2183	940690	1	123.44829	0
2016	940024	1	123.22437	0
207	840126	1	123.10284	0
605	870433	1	123.09613	0
574	870216	1	123.08599	0
1555	910513	1	122.93193	0
686	880007	1	122.87539	0
1407	900873	1	122.79901	0
969	890143	1	122.75877	0
1186	900038	1	122.55041	0
58	2912	1	121.54475	0
349	850707	1	120.78752	0
116	820312	1	120.21807	0
581	870249	1	119.89902	0
568	870182	1	119.2766	0
14	614	1	119.2717	0
1063	890543	1	119.06414	0
236	840570	1	118.8225	0
1842	930239	1	118.63682	0
1101	890688	1	118.40189	0
484	860358	1	118.37822	0
1803	930033	1	118.03348	0
106	820236	1	117.70203	0
1611	910761	1	117.52869	0
1707	920410	1	116.74477	0
1728	920494	1	116.46679	0
1700	920381	1	116.3327	0
2135	940464	1	116.09109	0
197	840046	1	115.79972	0
1567	910585	1	115.59262	0
113	820303	1	115.54265	0
1512	910272	1	115.50961	0
1195	900065	1	115.27199	0
1022	890332	1	115.04169	0
768	880247	1	115.035	0
836	880612	1	114.99676	0
1757	920612	1	114.9831	0
2156	940613	1	114.76285	0
2114	940339	1	114.42061	0
121	820367	1	112.24605	0
156	830251	1	111.58964	0
1868	930363	1	111.04867	0
834	880610	1	111.04321	0
593	870326	1	110.5866	0
1352	900667	1	110.50317	0
150	830187	1	110.05541	0
214	840265	1	110.00494	0
39	2287	1	109.68308	0
361	850824	1	109.5471	0
368	850862	1	109.38328	0
1426	900928	1	108.81587	0
1167	890909	1	108.32447	0
165	830348	1	107.49382	0
551	870064	1	106.65547	0
1623	910808	1	106.4013	0
56	2820	1	106.39535	0
1250	900253	1	105.85776	0
1748	920554	1	105.85776	0
203	840083	1	104.32766	0
1571	910600	1	104.06772	0
622	870570	1	103.26956	0
421	851131	1	103.22792	0
34	2048	1	102.5919	0
641	870725	1	102.31413	0
584	870265	1	101.47384	0
1579	910627	1	101.41946	0
1948	930739	1	101.28173	0
2049	940105	1	101.12645	0
164	830339	1	100.73547	0
313	850214	1	100.46514	0
287	841162	1	100.0426	0
2052	940112	1	99.988075	0
276	841066	1	99.951487	0
201	840070	1	99.821937	0
947	890080	1	98.926994	0
1870	930377	1	98.492896	0
1448	910035	1	98.485211	0
394	851032	1	98.403217	0
1379	900781	1	97.269082	0
2059	940129	1	96.782414	0
1513	910274	1	96.769243	0
648	870768	1	96.48021	0
1048	890465	1	96.407863	0
464	860143	1	96.369146	0
2182	940688	1	96.147148	0
2091	940257	1	95.93826	0
1422	900917	1	95.664782	0
1762	920629	1	95.364935	0
217	840362	1	95.261338	0
305	850158	1	95.086136	0
682	870954	1	94.845101	0
1476	910143	1	93.453768	0
1572	910603	1	93.10707	0
373	850877	1	92.810365	0
2133	940433	1	92.625241	0
1263	900286	1	92.59175	0
171	830390	1	92.281426	0
2142	940536	1	92.040781	0
138	830057	1	91.79274	0
1034	890381	1	91.569799	0
1465	910116	1	91.482298	0
546	870034	1	91.373442	0
738	880144	1	90.824712	0
1596	910708	1	90.507242	0
659	870857	1	90.292599	0
252	840795	1	89.975526	0
140	830069	1	89.768865	0
376	850893	1	89.707419	0
2225	950005	1	89.644188	0
177	830427	1	89.442085	0
2053	940114	1	89.393118	0
523	861074	1	89.353467	0
1095	890671	1	88.991903	0
2187	940702	1	88.987654	0
714	880078	1	88.870612	0
1196	900069	1	88.506817	0
338	850568	1	88.486464	0
1487	910187	1	88.403366	0
1172	890935	1	88.254716	0
30	1772	1	88.199855	0
1191	900051	1	88.113334	0
928	890008	1	87.959512	0
194	840017	1	87.727988	0
607	870464	1	87.270089	0
429	851186	1	87.163276	0
612	870515	1	86.532516	0
654	870810	1	85.973871	0
141	830072	1	85.780298	0
1112	890721	1	85.680266	0
1274	900319	1	85.395186	0
658	870849	1	85.330957	0
1202	900084	1	84.938341	0
440	860041	1	84.719056	0
1030	890359	1	84.688749	0
144	830126	1	84.439403	0
1542	910445	1	84.110031	0
637	870711	1	83.71984	0
29	1731	1	83.477915	0
2087	940231	1	83.405835	0
554	870087	1	83.306839	0
404	851068	1	83.131385	0
1866	930349	1	82.590392	0
699	880036	1	82.385525	0
23	1244	1	82.296987	0
1346	900636	1	81.661926	0
1669	920108	1	81.22786	0
496	860643	1	81.139036	0
2032	940053	1	80.862658	0
896	880850	1	80.580385	0
1296	900433	1	80.35025	0
797	880384	1	79.649202	0
623	870581	1	79.435792	0
240	840631	1	79.378993	0
1651	920030	1	79.326931	0
357	850799	1	79.032807	0
1400	900853	1	78.552401	0
1062	890532	1	78.496886	0
904	880863	1	78.453812	0
1517	910284	1	78.234793	0
1510	910269	1	77.448623	0
6	318	1	76.955638	0
1324	900534	1	76.737616	0
255	840835	1	76.653137	0
922	880934	1	76.61052	0
744	880158	1	76.45656	0
1743	920539	1	76.143128	0
408	851082	1	75.650528	0
253	840797	1	75.555308	0
97	820162	1	74.9052	0
1094	890668	1	74.850697	0
597	870343	1	74.646237	0
247	840687	1	74.325322	0
245	840681	1	74.156035	0
1910	930617	1	74.097446	0
938	890047	1	73.35586	0
573	870214	1	72.19345	0
1564	910568	1	72.148276	0
308	850192	1	72.044479	0
1987	930870	1	70.986831	0
1209	900105	1	70.876714	0
1502	910241	1	70.520697	0
205	840113	1	70.076751	0
493	860614	1	69.918613	0
1664	920087	1	69.716685	0
591	870307	1	69.557291	0
743	880157	1	69.556836	0
1309	900488	1	69.383822	0
1138	890792	1	69.212808	0
1659	920071	1	69.072621	0
565	870154	1	69.040988	0
1936	930705	1	69.017713	0
1654	920052	1	68.976014	0
1549	910481	1	68.76318	0
1770	920678	1	68.473065	0
1060	890525	1	68.406233	0
1137	890789	1	68.139459	0
4	126	1	67.928759	0
465	860180	1	67.806844	0
1443	910021	1	67.725532	0
1308	900477	1	67.431638	0
1886	930483	1	67.369195	0
109	820278	1	66.878772	0
495	860637	1	65.763108	0
1534	910378	1	65.693912	0
103	820214	1	65.262115	0
157	830259	1	65.251504	0
2104	940309	1	64.326557	0
1835	930214	1	64.307419	0
1858	930327	1	64.046781	0
1208	900100	1	63.82492	0
634	870663	1	63.476734	0
2218	940790	1	62.798329	0
1494	910215	1	62.742866	0
1244	900235	1	62.196484	0
1024	890336	1	62.013737	0
398	851042	1	61.765251	0
186	830476	1	61.474261	0
1224	900162	1	61.178367	0
1361	900719	1	60.585692	0
1376	900773	1	60.287037	0
506	860783	1	60.199672	0
90	820044	1	59.884209	0
2164	940635	1	59.571516	0
585	870268	1	59.410856	0
160	830272	1	59.354462	0
829	880582	1	59.010996	0
1237	900214	1	58.537437	0
520	861061	1	58.435063	0
350	850713	1	58.240264	0
1225	900165	1	58.005904	0
450	860078	1	57.899956	0
142	830077	1	57.706421	0
661	870862	1	57.492191	0
365	850850	1	57.133561	0
1440	910015	1	57.039281	0
858	880706	1	56.823087	0
288	841181	1	56.422663	0
2268	950154	1	56.185041	0
293	850072	1	55.711311	0
642	870731	1	55.199727	0
467	860193	1	54.788976	0
1739	920532	1	53.947592	0
629	870629	1	53.875276	0
1366	900742	1	52.831657	0
264	840928	1	51.753471	0
127	820494	1	51.661858	0
433	860015	1	51.279217	0
505	860781	1	50.875677	0
369	850864	1	50.607301	0
462	860141	1	50.394443	0
2174	940661	1	50.32084	0
2208	940772	1	50.139885	0
1913	930621	1	49.417879	0
1204	900091	1	49.282941	0
1317	900511	1	48.702182	0
2206	940769	1	48.518577	0
655	870813	1	48.19644	0
114	820307	1	47.861734	0
2226	950006	1	47.13639	0
545	870024	1	46.99508	0
512	860874	1	46.967295	0
577	870227	1	46.904348	0
202	840079	1	46.661163	0
1740	920533	1	46.517913	0
590	870301	1	46.345818	0
2065	940155	1	46.125671	0
651	870792	1	45.984332	0
667	870880	1	45.700586	0
1806	930050	1	45.33994	0
2234	950040	1	45.333737	0
302	850145	1	45.224025	0
163	830318	1	45.153101	0
2126	940388	1	44.96853	0
908	880876	1	44.456888	0
1124	890757	1	43.890531	0
225	840460	1	43.872212	0
522	861067	1	43.760446	0
1441	910017	1	43.377182	0
1481	910170	1	43.001909	0
463	860142	1	42.980625	0
1301	900450	1	42.323023	0
2231	950022	1	42.265622	0
2245	950086	1	42.170996	0
1574	910610	1	41.807455	0
64	3232	1	41.766337	0
1064	890547	1	41.411862	0
117	820328	1	41.347545	0
261	840895	1	40.8049	0
8	330	1	39.824601	0
291	850042	1	39.824601	0
479	860327	1	39.483457	0
132	830014	1	39.474529	0
2022	940035	1	39.271834	0
1698	920323	1	39.042107	0
1554	910504	1	39.017964	0
2066	940160	1	38.795235	0
1926	930676	1	38.611632	0
112	820299	1	37.388752	0
664	870871	1	37.190987	0
416	851113	1	36.455351	0
672	870895	1	36.341039	0
989	890214	1	36.093881	0
950	890089	1	36.06676	0
569	870190	1	35.664001	0
298	850108	1	35.563278	0
1424	900920	1	35.328961	0
694	880023	1	35.306684	0
1776	920715	1	35.106607	0
65	3247	1	34.801125	0
630	870637	1	34.606658	0
18	1024	1	34.489533	0
400	851045	1	34.396353	0
560	870135	1	34.353555	0
1130	890772	1	33.824382	0
1345	900628	1	33.740448	0
471	860224	1	32.330723	0
224	840458	1	32.280764	0
1328	900545	1	31.879979	0
827	880570	1	31.862389	0
595	870335	1	31.858425	0
1678	920173	1	31.696798	0
864	880724	1	31.286102	0
13	563	1	30.817296	0
719	880096	1	30.529821	0
474	860250	1	30.259906	0
1763	920640	1	30.202484	0
2280	950210	1	30.12063	0
60	2979	1	29.700264	0
1657	920064	1	29.513422	0
919	880911	1	29.371643	0
289	850013	1	29.281059	0
457	860103	1	29.091213	0
619	870544	1	28.880492	0
382	850945	1	28.791431	0
1140	890810	1	28.429397	0
1368	900746	1	28.328834	0
1586	910665	1	26.810273	0
1921	930663	1	26.49847	0
1876	930418	1	25.842242	0
1706	920406	1	25.586817	0
2171	940654	1	25.044261	0
1655	920060	1	24.96088	0
1758	920614	1	24.618357	0
1421	900916	1	24.51272	0
558	870120	1	24.271722	0
271	841027	1	23.602277	0
137	830056	1	23.583612	0
340	850628	1	23.397815	0
1043	890452	1	23.296738	0
518	860962	1	22.832721	0
1628	910826	1	22.695171	0
1416	900900	1	22.374481	0
511	860839	1	22.373857	0
814	880485	1	22.355954	0
1256	900264	1	22.025794	0
1645	920015	1	21.631332	0
1261	900280	1	21.571746	0
1111	890719	1	21.556026	0
1636	910847	1	21.184536	0
2112	940330	1	21.149868	0
2184	940693	1	21.046731	0
680	870946	1	20.933904	0
711	880071	1	20.8879	0
431	860004	1	20.206571	0
1216	900127	1	20.16797	0
385	850982	1	19.667819	0
1962	930791	1	19.140263	0
2030	940049	1	19.030975	0
1561	910549	1	18.980897	0
631	870647	1	18.969747	0
2026	940043	1	18.886586	0
91	820051	1	18.803648	0
1591	910683	1	18.484956	0
766	880243	1	18.393958	0
161	830283	1	18.347553	0
1917	930648	1	18.317699	0
75	3697	1	18.08476	0
579	870237	1	16.953083	0
124	820414	1	16.735245	0
1176	890944	1	16.53616	0
2107	940315	1	16.344632	0
537	861272	1	16.225834	0
1818	930082	1	15.862516	0
363	850845	1	15.717128	0
1283	900380	1	15.698365	0
684	870982	1	15.339129	0
366	850853	1	15.175053	0
1188	900046	1	15.153114	0
170	830385	1	15.132621	0
374	850878	1	15.06042	0
195	840026	1	14.976705	0
2222	940801	1	14.934284	0
1925	930675	1	14.734834	0
715	880079	1	14.324601	0
652	870796	1	13.855426	0
712	880074	1	13.773123	0
2122	940371	1	13.589084	0
614	870519	1	13.528712	0
1158	890867	1	13.482235	0
527	861174	1	13.168136	0
1386	900798	1	12.913542	0
196	840032	1	12.698992	0
67	3273	1	12.518081	0
490	860523	1	12.397672	0
647	870766	1	12.2777	0
1653	920039	1	11.595029	0
1018	890323	1	11.426667	0
152	830215	1	11.07746	0
572	870204	1	10.887476	0
1058	890523	1	10.805129	0
1399	900848	1	10.773665	0
36	2205	1	10.752926	0
310	850204	1	10.672616	0
304	850157	1	10.607274	0
1491	910195	1	10.60311	0
294	850077	1	10.595738	0
624	870584	1	10.490388	0
1530	910360	1	10.421361	0
700	880040	1	10.297052	0
953	890099	1	10.134156	0
1303	900461	1	9.206093	0
263	840920	1	8.9220715	0
477	860304	1	8.915363	0
1016	890313	1	8.3267648	0
488	860464	1	8.3034854	0
695	880024	1	7.3516877	0
2256	950107	1	7.1901403	0
1551	910483	1	7.0568051	0
721	880101	1	6.9353108	0
639	870718	1	6.827671	0
1745	920545	1	6.2363785	0
553	870077	1	6.1229782	0
954	890100	1	5.3286271	0
259	840864	1	4.6852239	0
690	880016	1	4.571063	0
1714	920448	1	4.4212985	0
957	890107	1	4.1633708	0
962	890118	1	3.968531	0
1446	910025	1	3.5024817	0
1198	900071	1	3.4326549	0
191	840009	1	3.1936464	0
1749	920563	1	2.0964984	0
2267	950152	1	2.0754444	0
615	870522	1	2.0557125	0
333	850502	1	2.0031917	0
222	840423	1	1.66024	0
2092	940274	1	1.6062353	0
1946	930735	1	1.5261526	0
2084	940224	1	1.3311831	0
1103	890691	1	0.84726842	0
1516	910280	1	0.81855813	0
1526	910339	1	0.78692804	0
392	851027	1	0.62015135	0
917	880906	1	0.46354554	0
38	2283	1	0.14000369	0
1773	920698	1	0.087594169	0
2113	940337	1	0.059058955	0
1322	900529	1	-0.15097367	0
2189	940706	1	-0.66169121	0
345	850686	1	-0.93619611	0
813	880475	1	-0.97279099	0
380	850933	1	-1.1211679	0
184	830465	1	-1.2895564	0
921	880916	1	-1.3368997	0
853	880679	1	-1.3624878	0
454	860087	1	-1.7219105	0
660	870858	1	-2.0955251	0
136	830051	1	-2.4003256	0
1279	900338	1	-2.6155702	0
1212	900114	1	-3.7510147	0
1515	910279	1	-4.1347369	0
1887	930488	1	-4.6279474	0
775	880287	1	-5.1192827	0
515	860916	1	-5.3239437	0
388	850999	1	-5.5591255	0
1903	930586	1	-6.0306163	0
657	870830	1	-6.1848681	0
621	870566	1	-6.8082813	0
1269	900304	1	-6.8110934	0
119	820345	1	-7.4123831	0
22	1149	1	-7.623797	0
2238	950059	1	-7.997883	0
534	861239	1	-8.1281545	0
405	851070	1	-8.2334321	0
750	880186	1	-9.0084397	0
561	870138	1	-9.2164721	0
857	880701	1	-9.2634592	0
2166	940639	1	-9.3906513	0
377	850903	1	-9.4642286	0
1023	890335	1	-10.365823	0
2014	940014	1	-10.700926	0
811	880472	1	-10.710812	0
1359	900704	1	-10.806955	0
1398	900844	1	-11.117055	0
1011	890284	1	-11.723188	0
1929	930683	1	-12.040849	0
1364	900725	1	-12.323008	0
507	860794	1	-12.352412	0
729	880115	1	-12.356345	0
779	880304	1	-12.582581	0
1597	910711	1	-12.73348	0
645	870755	1	-12.813896	0
260	840871	1	-13.297805	0
732	880124	1	-13.657842	0
559	870129	1	-13.840163	0
426	851173	1	-13.991725	0
1463	910107	1	-14.105717	0
410	851085	1	-14.317142	0
254	840811	1	-14.347197	0
891	880835	1	-14.43969	0
1920	930662	1	-14.555598	0
964	890127	1	-14.682126	0
514	860911	1	-14.929888	0
580	870248	1	-15.283911	0
1259	900273	1	-15.366134	0
96	820153	1	-15.665123	0
601	870402	1	-15.782737	0
131	830012	1	-16.469797	0
759	880230	1	-16.594396	0
1265	900296	1	-16.648287	0
2220	940797	1	-16.807832	0
422	851147	1	-16.874266	0
323	850343	1	-16.921578	0
1248	900243	1	-17.117956	0
1833	930192	1	-17.30396	0
1869	930367	1	-17.364879	0
2236	950048	1	-17.466591	0
945	890074	1	-17.47732	0
147	830166	1	-17.584442	0
303	850152	1	-18.22342	0
1146	890819	1	-18.319684	0
550	870057	1	-18.370854	0
407	851076	1	-18.753544	0
676	870928	1	-19.415313	0
230	840520	1	-19.549223	0
1134	890785	1	-19.75356	0
149	830184	1	-19.761162	0
608	870468	1	-20.186492	0
2141	940526	1	-20.552136	0
2211	940778	1	-21.250284	0
2247	950089	1	-21.913484	0
341	850633	1	-22.0288	0
409	851083	1	-22.373218	0
413	851103	1	-22.782836	0
2158	940617	1	-22.831742	0
1221	900141	1	-22.916858	0
390	851018	1	-23.013647	0
2228	950010	1	-23.069333	0
69	3321	1	-23.191205	0
492	860544	1	-23.350437	0
517	860955	1	-23.602088	0
1899	930578	1	-23.643983	0
210	840194	1	-23.64868	0
771	880252	1	-23.731449	0
443	860054	1	-23.983365	0
2260	950133	1	-24.030594	0
481	860331	1	-24.218839	0
173	830403	1	-24.240932	0
792	880355	1	-24.641783	0
226	840474	1	-24.658032	0
576	870221	1	-24.687267	0
1999	930900	1	-24.790451	0
54	2781	1	-25.251023	0
2111	940325	1	-25.480557	0
46	2438	1	-25.490258	0
557	870106	1	-25.681678	0
665	870873	1	-25.951249	0
1581	910641	1	-26.10522	0
1330	900559	1	-26.170729	0
1084	890631	1	-26.265965	0
1724	920483	1	-26.275231	0
371	850873	1	-27.002074	0
914	880898	1	-27.106201	0
1096	890675	1	-27.135536	0
1779	920731	1	-27.290494	0
241	840649	1	-27.515324	0
478	860314	1	-27.564	0
134	830022	1	-27.88469	0
32	1971	1	-27.978951	0
1000	890252	1	-28.304177	0
632	870657	1	-28.560248	0
1545	910463	1	-28.708464	0
339	850575	1	-28.923756	0
653	870799	1	-29.034239	0
71	3355	1	-29.085165	0
393	851029	1	-29.288627	0
1662	920085	1	-29.329955	0
2279	950200	1	-29.470619	0
1004	890261	1	-29.663891	0
68	3298	1	-29.735929	0
1367	900744	1	-30.311468	0
419	851127	1	-30.398843	0
76	3841	1	-30.527163	0
139	830066	1	-30.544666	0
1986	930869	1	-30.557687	0
610	870485	1	-31.471662	0
536	861256	1	-31.596693	0
1307	900476	1	-31.704092	0
166	830351	1	-31.941784	0
412	851102	1	-31.946637	0
833	880607	1	-32.064425	0
613	870517	1	-32.099726	0
40	2291	1	-32.21555	0
1093	890666	1	-32.30362	0
1394	900826	1	-32.308747	0
362	850839	1	-32.697723	0
1091	890663	1	-32.792705	0
1963	930797	1	-33.520692	0
1267	900299	1	-33.527294	0
185	830469	1	-34.294466	0
15	731	1	-34.400436	0
130	830011	1	-34.577891	0
810	880466	1	-34.610571	0
325	850352	1	-35.723739	0
881	880802	1	-35.852587	0
358	850808	1	-36.399567	0
1496	910218	1	-36.813674	0
1543	910451	1	-36.840012	0
1599	910719	1	-36.864869	0
1639	920001	1	-37.259157	0
437	860031	1	-37.389209	0
723	880104	1	-37.510033	0
99	820179	1	-37.583145	0
108	820269	1	-37.853041	0
485	860391	1	-37.929426	0
1312	900496	1	-38.580163	0
1113	890722	1	-38.832345	0
599	870399	1	-39.050603	0
689	880014	1	-39.556327	0
502	860762	1	-40.548562	0
635	870675	1	-40.718329	0
2176	940666	1	-40.761141	0
1332	900566	1	-40.84265	0
37	2269	1	-40.901933	0
1726	920488	1	-41.01302	0
726	880110	1	-41.195188	0
102	820205	1	-41.229556	0
656	870828	1	-41.776795	0
556	870101	1	-41.938494	0
105	820234	1	-42.027845	0
278	841089	1	-42.041047	0
1966	930814	1	-42.06719	0
751	880189	1	-42.168137	0
475	860260	1	-42.422465	0
1047	890461	1	-42.531166	0
662	870863	1	-43.172503	0
1646	920016	1	-43.256948	0
633	870658	1	-44.080152	0
48	2618	1	-44.313114	0
1252	900257	1	-44.49274	0
600	870400	1	-44.589004	0
937	890045	1	-44.629726	0
2213	940782	1	-44.884168	0
57	2868	1	-45.049724	0
262	840897	1	-45.109698	0
1480	910168	1	-45.359093	0
120	820351	1	-45.394933	0
1837	930226	1	-45.587922	0
83	4133	1	-45.94389	0
1136	890788	1	-46.162653	0
246	840686	1	-47.039907	0
2186	940699	1	-47.309409	0
448	860067	1	-47.411291	0
583	870264	1	-47.595891	0
840	880626	1	-47.712646	0
683	870965	1	-48.753775	0
379	850926	1	-49.421905	0
212	840232	1	-49.721082	0
548	870045	1	-49.828727	0
396	851036	1	-49.963276	0
1026	890338	1	-50.027199	0
168	830363	1	-50.106378	0
1584	910661	1	-50.316785	0
525	861128	1	-50.392719	0
148	830174	1	-50.520734	0
1015	890307	1	-51.339578	0
2067	940162	1	-51.345773	0
807	880441	1	-51.532702	0
1993	930886	1	-51.595978	0
924	880939	1	-51.831996	0
799	880394	1	-51.894451	0
1558	910528	1	-52.221731	0
286	841152	1	-52.608929	0
265	840940	1	-52.791834	0
399	851044	1	-52.914233	0
324	850346	1	-53.721676	0
2050	940110	1	-53.725375	0
1587	910671	1	-53.72842	0
87	9120	1	-53.895031	0
1028	890352	1	-54.114473	0
285	841132	1	-54.33295	0
442	860052	1	-54.407676	0
592	870315	1	-54.7572	0
1025	890337	1	-55.059728	0
461	860140	1	-55.464222	0
417	851116	1	-55.938167	0
1304	900463	1	-55.959723	0
347	850699	1	-56.248615	0
1323	900530	1	-56.403228	0
817	880506	1	-56.66243	0
282	841107	1	-56.66624	0
730	880118	1	-57.327714	0
275	841064	1	-57.350986	0
1305	900466	1	-58.976948	0
778	880301	1	-59.335342	0
1619	910799	1	-60.141271	0
1815	930075	1	-60.34874	0
55	2811	1	-60.517819	0
1822	930098	1	-60.60495	0
773	880262	1	-60.909829	0
626	870593	1	-61.591151	0
2232	950025	1	-61.698058	0
49	2627	1	-61.914598	0
425	851171	1	-62.292872	0
146	830157	1	-62.680114	0
2266	950150	1	-62.892167	0
280	841101	1	-63.171989	0
544	870015	1	-63.24938	0
257	840846	1	-63.286394	0
244	840680	1	-64.177354	0
767	880246	1	-64.754944	0
2160	940626	1	-65.267545	0
62	3129	1	-65.31783	0
578	870228	1	-65.910733	0
389	851007	1	-66.64481	0
1116	890736	1	-66.716647	0
713	880075	1	-67.000253	0
1867	930355	1	-67.087883	0
320	850300	1	-67.71897	0
221	840395	1	-68.012262	0
1605	910742	1	-68.642783	0
960	890113	1	-68.744121	0
1863	930340	1	-69.15649	0
923	880936	1	-69.164248	0
888	880825	1	-69.728238	0
1290	900405	1	-69.995866	0
1408	900878	1	-70.068859	0
1223	900155	1	-70.366985	0
1862	930338	1	-70.557836	0
1385	900797	1	-70.92643	0
542	861305	1	-72.009363	0
1088	890655	1	-72.095315	0
696	880025	1	-72.20457	0
981	890186	1	-72.251215	0
1409	900880	1	-72.286095	0
1343	900623	1	-72.628478	0
1661	920077	1	-72.895296	0
94	820123	1	-73.026234	0
1362	900722	1	-74.308574	0
678	870933	1	-74.781957	0
1637	910848	1	-74.824065	0
1234	900199	1	-75.296076	0
61	3070	1	-75.32501	0
1729	920496	1	-75.4788	0
1299	900444	1	-75.638391	0
1893	930538	1	-75.95144	0
1027	890347	1	-76.124476	0
118	820338	1	-76.208848	0
2272	950170	1	-76.257009	0
1603	910736	1	-76.591382	0
1980	930850	1	-77.072265	0
640	870721	1	-77.242234	0
209	840164	1	-77.329862	0
1447	910031	1	-77.336053	0
668	870883	1	-77.552342	0
1235	900202	1	-77.725407	0
354	850774	1	-77.741257	0
1643	920009	1	-77.951647	0
2098	940301	1	-78.427135	0
319	850299	1	-78.809234	0
821	880523	1	-78.819529	0
1648	920021	1	-79.798932	0
1079	890616	1	-80.084082	0
1287	900400	1	-80.105654	0
334	850520	1	-80.342413	0
1258	900267	1	-81.155493	0
1650	920027	1	-81.278062	0
1286	900389	1	-82.111618	0
101	820188	1	-82.123779	0
1652	920033	1	-83.016478	0
251	840781	1	-83.229934	0
1337	900595	1	-84.843943	0
2205	940768	1	-85.09459	0
705	880051	1	-85.446418	0
786	880331	1	-85.453943	0
1395	900833	1	-85.548052	0
346	850688	1	-85.836563	0
473	860249	1	-85.881226	0
53	2774	1	-85.914874	0
1802	930026	1	-86.223349	0
521	861065	1	-87.242237	0
154	830240	1	-87.343192	0
985	890203	1	-87.454615	0
1087	890648	1	-87.627332	0
1326	900537	1	-87.772784	0
1804	930036	1	-88.010526	0
831	880602	1	-88.971851	0
911	880888	1	-89.028297	0
670	870892	1	-89.32994	0
757	880205	1	-89.733777	0
555	870098	1	-89.835724	0
1625	910817	1	-89.894011	0
644	870750	1	-90.794398	0
839	880625	1	-90.89257	0
863	880722	1	-91.053863	0
1590	910678	1	-91.259316	0
444	860058	1	-91.286853	0
1001	890255	1	-91.456726	0
1097	890676	1	-91.712642	0
643	870740	1	-91.759311	0
17	975	1	-91.784037	0
855	880694	1	-91.937627	0
1620	910803	1	-91.950293	0
1735	920518	1	-92.041274	0
1873	930391	1	-92.238616	0
153	830220	1	-92.381438	0
1390	900806	1	-94.308266	0
211	840217	1	-94.400295	0
2019	940028	1	-94.713398	0
748	880171	1	-94.798111	0
386	850986	1	-95.141211	0
145	830139	1	-95.497572	0
2025	940039	1	-96.312783	0
452	860083	1	-96.690686	0
1288	900402	1	-96.843013	0
609	870476	1	-96.847846	0
269	841011	1	-97.538742	0
1438	910013	1	-98.28702	0
802	880400	1	-98.653134	0
348	850701	1	-99.239005	0
616	870524	1	-99.318699	0
1855	930302	1	-99.346435	0
1521	910306	1	-99.422354	0
438	860034	1	-99.66373	0
1488	910189	1	-99.667249	0
692	880018	1	-100.29098	0
128	830007	1	-102.08496	0
1663	920086	1	-102.26843	0
2259	950130	1	-102.64603	0
1313	900499	1	-102.67172	0
1065	890550	1	-103.07792	0
1690	920287	1	-103.17944	0
359	850813	1	-103.71021	0
1291	900413	1	-104.56266	0
1373	900766	1	-104.93779	0
2180	940678	1	-105.39509	0
1553	910494	1	-105.527	0
1203	900089	1	-105.61007	0
783	880310	1	-105.89502	0
24	1332	1	-106.02653	0
159	830268	1	-106.41807	0
16	859	1	-106.55151	0
1098	890682	1	-107.61911	0
312	850208	1	-107.64072	0
41	2293	1	-107.79659	0
445	860061	1	-108.00528	0
688	880011	1	-108.22954	0
375	850882	1	-108.37566	0
1672	920115	1	-108.44339	0
180	830452	1	-108.89153	0
193	840014	1	-109.04534	0
1498	910226	1	-109.05242	0
2264	950141	1	-109.07211	0
1403	900857	1	-110.20552	0
158	830266	1	-110.78985	0
1260	900276	1	-111.68488	0
2251	950098	1	-112.02301	0
1295	900427	1	-112.09166	0
2246	950088	1	-112.20868	0
1630	910830	1	-112.83751	0
1753	920585	1	-113.93954	0
66	3254	1	-114.29534	0
1231	900189	1	-114.6432	0
820	880522	1	-114.72957	0
2045	940085	1	-115.01598	0
198	840051	1	-115.08815	0
2081	940217	1	-115.61242	0
248	840749	1	-115.79774	0
35	2198	1	-115.88479	0
216	840330	1	-116.11638	0
736	880137	1	-116.45813	0
620	870565	1	-116.64928	0
232	840541	1	-117.18535	0
887	880822	1	-117.59022	0
418	851122	1	-117.88804	0
1931	930687	1	-118.12695	0
1511	910271	1	-118.51798	0
1546	910472	1	-119.15154	0
704	880049	1	-119.57837	0
1918	930652	1	-119.81044	0
351	850735	1	-120.71433	0
2210	940776	1	-120.93421	0
562	870141	1	-121.63194	0
925	890002	1	-122.11473	0
458	860107	1	-122.30909	0
344	850673	1	-123.00408	0
189	830680	1	-124.10203	0
2193	940718	1	-124.48165	0
415	851110	1	-124.72774	0
1194	900062	1	-124.9792	0
1078	890606	1	-125.11958	0
1278	900329	1	-125.2142	0
403	851064	1	-125.4111	0
582	870258	1	-125.41578	0
1568	910590	1	-125.66773	0
88	750411	1	-125.90403	0
266	840976	1	-125.92926	0
2015	940018	1	-126.11172	0
944	890069	1	-126.96995	0
332	850489	1	-127.24053	0
133	830020	1	-127.67106	0
384	850953	1	-127.74143	0
2250	950097	1	-128.05511	0
367	850861	1	-128.21265	0
1583	910650	1	-128.21971	0
1633	910839	1	-128.53145	0
1040	890427	1	-128.74573	0
763	880235	1	-128.85322	0
1971	930823	1	-128.86368	0
1710	920419	1	-128.91773	0
1074	890583	1	-128.94756	0
739	880146	1	-129.46578	0
2212	940780	1	-129.54157	0
213	840236	1	-129.64713	0
529	861180	1	-130.3946	0
1041	890431	1	-130.64884	0
208	840144	1	-130.65178	0
199	840057	1	-130.98607	0
685	880002	1	-131.65997	0
1336	900593	1	-132.05164	0
1122	890752	1	-132.12939	0
1825	930114	1	-132.52816	0
1831	930171	1	-133.09306	0
782	880309	1	-133.43418	0
1006	890263	1	-133.58439	0
273	841056	1	-134.60272	0
627	870596	1	-134.62604	0
228	840489	1	-134.87682	0
1128	890770	1	-135.17735	0
2010	940007	1	-135.455	0
912	880892	1	-136.46699	0
326	850367	1	-136.50107	0
2069	940165	1	-137.17808	0
2117	940352	1	-137.35291	0
909	880885	1	-137.5894	0
1788	920797	1	-137.71216	0
1211	900112	1	-138.03074	0
1351	900661	1	-138.12733	0
1820	930086	1	-138.15159	0
1548	910477	1	-138.52546	0
900	880856	1	-138.53108	0
880	880798	1	-139.13706	0
1238	900218	1	-139.19822	0
451	860081	1	-139.25705	0
243	840660	1	-139.94179	0
1813	930070	1	-139.98374	0
2070	940168	1	-140.02258	0
223	840431	1	-140.24733	0
742	880150	1	-140.4729	0
383	850947	1	-140.51038	0
21	1131	1	-141.04564	0
1577	910619	1	-141.50003	0
183	830464	1	-142.03728	0
1884	930465	1	-142.09237	0
283	841126	1	-142.66728	0
331	850480	1	-142.72629	0
267	841005	1	-142.81386	0
250	840766	1	-143.96965	0
869	880737	1	-144.05026	0
934	890038	1	-144.06756	0
1673	920122	1	-144.0905	0
1541	910444	1	-144.26815	0
51	2718	1	-144.65037	0
1711	920420	1	-144.81263	0
5	239	1	-145.27688	0
2198	940744	1	-145.875	0
1483	910175	1	-146.27089	0
2202	940760	1	-146.75934	0
1150	890830	1	-147.13234	0
673	870898	1	-147.3121	0
59	2954	1	-147.45721	0
852	880676	1	-147.57241	0
596	870340	1	-147.73615	0
1954	930761	1	-147.81561	0
677	870930	1	-148.46376	0
671	870894	1	-148.51113	0
1160	890879	1	-149.22133	0
281	841102	1	-149.27077	0
1967	930815	1	-149.31899	0
239	840624	1	-149.61819	0
343	850665	1	-149.85029	0
1272	900312	1	-150.08639	0
295	850090	1	-150.13367	0
762	880234	1	-150.87352	0
1834	930199	1	-150.93923	0
1843	930250	1	-151.16758	0
2150	940592	1	-151.1837	0
337	850537	1	-151.22547	0
906	880873	1	-151.29338	0
446	860063	1	-151.2934	0
1342	900621	1	-151.31721	0
227	840484	1	-151.40314	0
1665	920095	1	-151.44216	0
1635	910846	1	-153.06679	0
755	880195	1	-154.01262	0
434	860017	1	-154.1892	0
1333	900571	1	-154.31845	0
795	880373	1	-154.31898	0
1490	910192	1	-154.51365	0
33	2036	1	-154.88402	0
1505	910250	1	-155.05303	0
1251	900254	1	-155.24185	0
1826	930121	1	-155.24783	0
1012	890294	1	-155.319	0
816	880498	1	-155.87035	0
1671	920114	1	-155.95754	0
1688	920274	1	-156.15535	0
2037	940066	1	-156.83299	0
1032	890376	1	-157.47081	0
935	890039	1	-157.49309	0
1794	920831	1	-158.13361	0
104	820218	1	-158.57153	0
965	890137	1	-159.63834	0
532	861237	1	-159.65712	0
1677	920170	1	-160.40378	0
1029	890355	1	-160.44899	0
482	860335	1	-160.46177	0
1709	920412	1	-160.68384	0
143	830105	1	-161.84742	0
1240	900222	1	-162.01669	0
1629	910829	1	-162.0767	0
1214	900122	1	-162.64427	0
1133	890784	1	-162.89608	0
1397	900841	1	-163.00913	0
819	880521	1	-163.20705	0
1975	930832	1	-163.28563	0
1123	890755	1	-163.54199	0
907	880875	1	-163.56166	0
2051	940111	1	-163.88911	0
1412	900884	1	-163.92074	0
353	850771	1	-164.1915	0
1014	890301	1	-164.54299	0
100	820184	1	-164.75626	0
1156	890857	1	-164.7665	0
220	840381	1	-165.11898	0
1344	900626	1	-165.52072	0
2056	940122	1	-166.19169	0
1734	920516	1	-166.81111	0
1120	890748	1	-167.60527	0
126	820434	1	-167.94654	0
181	830453	1	-168.04568	0
1315	900503	1	-168.31591	0
270	841022	1	-168.50688	0
589	870290	1	-168.5152	0
387	850995	1	-168.81701	0
107	820246	1	-168.94818	0
1704	920402	1	-168.99097	0
268	841008	1	-171.41178	0
1562	910554	1	-171.52752	0
52	2738	1	-171.67973	0
697	880028	1	-172.16418	0
176	830424	1	-172.65434	0
2079	940210	1	-172.69002	0
1270	900308	1	-173.39065	0
899	880854	1	-173.58428	0
1576	910617	1	-173.61186	0
535	861243	1	-173.65413	0
491	860538	1	-173.71043	0
328	850405	1	-173.93083	0
1715	920450	1	-174.83321	0
1335	900585	1	-174.86952	0
182	830460	1	-175.35545	0
200	840069	1	-176.99987	0
258	840854	1	-177.32032	0
1891	930518	1	-177.39185	0
1795	920845	1	-177.53912	0
927	890006	1	-178.49763	0
95	820141	1	-178.79274	0
2163	940634	1	-178.97411	0
905	880865	1	-179.10114	0
1007	890265	1	-179.2447	0
330	850449	1	-179.60772	0
497	860673	1	-180.42287	0
1374	900769	1	-180.96271	0
901	880857	1	-181.29424	0
1334	900572	1	-181.37526	0
1814	930073	1	-183.19425	0
1452	910051	1	-184.08101	0
828	880571	1	-184.4532	0
1090	890657	1	-184.71971	0
974	890150	1	-184.94961	0
1008	890278	1	-185.13082	0
316	850236	1	-185.32876	0
25	1664	1	-185.57947	0
933	890032	1	-186.01681	0
2136	940481	1	-186.1207	0
1392	900815	1	-186.28257	0
978	890182	1	-186.33783	0
1998	930898	1	-186.76176	0
547	870042	1	-186.88693	0
2064	940153	1	-186.96448	0
476	860266	1	-186.99044	0
1114	890724	1	-187.76971	0
1201	900081	1	-187.82809	0
1282	900377	1	-188.57395	0
1358	900702	1	-188.6594	0
1430	900939	1	-189.11894	0
1410	900881	1	-189.12612	0
703	880046	1	-189.23118	0
1598	910714	1	-190.82761	0
1602	910727	1	-191.06737	0
188	830510	1	-191.15098	0
1268	900302	1	-191.6562	0
2204	940765	1	-192.44018	0
1459	910086	1	-192.4489	0
378	850907	1	-193.98421	0
788	880339	1	-194.62578	0
769	880248	1	-195.12977	0
818	880510	1	-195.36772	0
1468	910119	1	-195.51008	0
1353	900680	1	-195.66391	0
190	840007	1	-195.66668	0
1897	930573	1	-195.83321	0
315	850224	1	-195.90193	0
1321	900528	1	-196.25052	0
1861	930335	1	-196.71789	0
1327	900543	1	-197.249	0
785	880330	1	-198.13095	0
1675	920156	1	-199.69218	0
617	870534	1	-199.89789	0
498	860678	1	-200.75957	0
1226	900166	1	-200.86776	0
2013	940012	1	-201.9467	0
92	820055	1	-202.62707	0
1575	910613	1	-203.16547	0
1147	890823	1	-203.63251	0
717	880085	1	-204.58326	0
314	850220	1	-204.63032	0
2161	940631	1	-204.6636	0
826	880569	1	-205.03555	0
951	890091	1	-205.28824	0
1454	910067	1	-205.51315	0
2020	940029	1	-205.56238	0
370	850871	1	-206.77937	0
1518	910288	1	-207.72126	0
2209	940774	1	-208.54002	0
734	880133	1	-209.00775	0
961	890114	1	-209.07887	0
1017	890319	1	-209.13307	0
300	850125	1	-209.40264	0
1682	920235	1	-209.75623	0
2261	950134	1	-209.92952	0
1467	910118	1	-210.16803	0
1285	900387	1	-211.74268	0
754	880193	1	-212.2297	0
93	820114	1	-212.5132	0
854	880686	1	-212.55617	0
2038	940069	1	-212.73574	0
249	840753	1	-212.90528	0
2088	940234	1	-212.93013	0
1306	900471	1	-213.04244	0
406	851071	1	-213.62264	0
20	1101	1	-213.65049	0
973	890149	1	-213.69299	0
1500	910235	1	-213.8611	0
794	880369	1	-215.05478	0
885	880820	1	-216.02626	0
563	870143	1	-216.73015	0
1083	890628	1	-216.89943	0
760	880231	1	-217.12942	0
233	840547	1	-217.1586	0
470	860208	1	-217.1586	0
846	880654	1	-217.33023	0
2127	940392	1	-218.21979	0
984	890202	1	-218.23478	0
1668	920103	1	-218.94329	0
1744	920544	1	-219.03961	0
725	880109	1	-219.49661	0
753	880192	1	-219.70264	0
489	860521	1	-219.788	0
468	860196	1	-221.03006	0
1262	900284	1	-221.12131	0
2080	940212	1	-221.35061	0
1588	910672	1	-222.31088	0
1708	920411	1	-222.53424	0
790	880349	1	-223.32648	0
1995	930888	1	-224.1393	0
571	870200	1	-224.36298	0
628	870603	1	-224.63786	0
219	840374	1	-225.24445	0
1464	910113	1	-225.42866	0
1972	930826	1	-225.56528	0
2242	950069	1	-226.31764	0
1420	900915	1	-227.0382	0
1115	890726	1	-227.16584	0
1676	920165	1	-228.79024	0
111	820292	1	-229.02736	0
1660	920072	1	-229.7891	0
50	2708	1	-229.82932	0
575	870217	1	-229.99693	0
698	880032	1	-230.44102	0
1253	900260	1	-232.54202	0
2274	950178	1	-233.23854	0
2237	950056	1	-233.37362	0
1213	900119	1	-233.62836	0
1746	920547	1	-234.19539	0
175	830422	1	-236.13141	0
1059	890524	1	-236.81535	0
1162	890884	1	-237.92717	0
1810	930060	1	-238.24327	0
2276	950186	1	-239.07728	0
949	890083	1	-240.47552	0
218	840363	1	-240.58292	0
1273	900313	1	-242.13121	0
875	880777	1	-244.40174	0
402	851055	1	-244.41369	0
1951	930746	1	-246.58459	0
832	880603	1	-247.77315	0
1451	910044	1	-248.29777	0
1933	930697	1	-249.58754	0
2125	940383	1	-249.62934	0
342	850641	1	-249.84807	0
541	861303	1	-250.4356	0
297	850102	1	-251.00392	0
932	890021	1	-251.59432	0
1606	910743	1	-252.64721	0
873	880758	1	-252.83307	0
1141	890811	1	-254.94495	0
1790	920806	1	-255.23901	0
851	880672	1	-255.5975	0
1969	930820	1	-257.15962	0
1566	910571	1	-257.7765	0
1689	920286	1	-257.82245	0
804	880404	1	-258.03977	0
2169	940649	1	-259.06633	0
1981	930856	1	-259.11221	0
1142	890812	1	-260.11291	0
327	850403	1	-261.20012	0
47	2526	1	-261.8639	0
2075	940201	1	-263.16982	0
1983	930862	1	-263.22233	0
540	861294	1	-264.31353	0
1388	900801	1	-266.17262	0
716	880080	1	-266.20433	0
878	880792	1	-267.72988	0
11	397	1	-268.9945	0
1247	900242	1	-269.4189	0
1347	900644	1	-269.51128	0
1349	900657	1	-271.33338	0
1681	920232	1	-271.34488	0
1215	900126	1	-271.73379	0
1712	920442	1	-272.19212	0
432	860012	1	-272.56758	0
1092	890665	1	-272.62663	0
299	850117	1	-272.8311	0
284	841131	1	-274.41448	0
2108	940317	1	-274.46825	0
1378	900780	1	-274.80366	0
1614	910774	1	-275.29865	0
1449	910037	1	-276.29662	0
1667	920102	1	-276.71959	0
806	880409	1	-277.40227	0
843	880642	1	-277.68688	0
926	890004	1	-278.41779	0
1694	920309	1	-278.73723	0
1807	930052	1	-279.68392	0
1413	900889	1	-280.43168	0
2229	950019	1	-280.48731	0
866	880730	1	-281.72814	0
318	850244	1	-281.98306	0
1044	890453	1	-282.7357	0
2243	950070	1	-283.36696	0
764	880236	1	-284.63278	0
789	880347	1	-285.39354	0
1144	890816	1	-286.14639	0
1319	900518	1	-286.60409	0
2167	940645	1	-286.91588	0
862	880716	1	-288.61251	0
801	880397	1	-288.78301	0
1474	910134	1	-289.12616	0
1230	900186	1	-289.20992	0
808	880446	1	-289.30141	0
1166	890900	1	-289.68908	0
2172	940655	1	-291.24853	0
958	890110	1	-291.70863	0
982	890188	1	-292.55014	0
2239	950061	1	-293.49832	0
1990	930875	1	-293.73923	0
2089	940238	1	-294.19536	0
679	870945	1	-294.81402	0
1462	910105	1	-296.51597	0
943	890061	1	-297.06074	0
861	880713	1	-297.59398	0
740	880147	1	-298.47137	0
1830	930166	1	-298.78025	0
509	860818	1	-300.24913	0
1037	890397	1	-301.47965	0
397	851039	1	-301.5316	0
772	880260	1	-302.67299	0
2008	930916	1	-303.38645	0
2143	940548	1	-303.54439	0
1508	910258	1	-303.93035	0
279	841099	1	-305.46534	0
1293	900422	1	-305.88889	0
2145	940569	1	-307.09385	0
752	880191	1	-307.26363	0
296	850093	1	-307.89872	0
916	880904	1	-308.38011	0
1809	930059	1	-308.78977	0
2018	940026	1	-308.86366	0
1991	930878	1	-309.18685	0
1170	890930	1	-309.79158	0
115	820310	1	-310.76692	0
823	880555	1	-311.38181	0
994	890233	1	-312.65019	0
1461	910101	1	-312.69355	0
401	851053	1	-312.95018	0
2048	940102	1	-313.29559	0
837	880615	1	-313.667	0
952	890094	1	-313.99342	0
1365	900736	1	-314.59106	0
1632	910833	1	-314.93696	0
1823	930107	1	-315.04849	0
948	890081	1	-315.72948	0
856	880695	1	-317.19624	0
1382	900785	1	-318.59417	0
611	870492	1	-318.97116	0
1377	900778	1	-319.73136	0
321	850319	1	-319.92234	0
12	486	1	-321.91103	0
987	890210	1	-322.07236	0
9	360	1	-322.09122	0
1009	890279	1	-322.19926	0
1824	930110	1	-322.38665	0
1455	910068	1	-322.7525	0
874	880769	1	-323.10139	0
1121	890750	1	-323.41423	0
1297	900440	1	-323.59792	0
824	880558	1	-324.03513	0
1185	900033	1	-324.2602	0
1956	930763	1	-324.27047	0
1469	910120	1	-324.48685	0
774	880269	1	-324.60709	0
745	880160	1	-325.01523	0
910	880887	1	-325.66367	0
1458	910084	1	-326.40436	0
777	880300	1	-328.24657	0
1680	920202	1	-330.6417	0
1232	900196	1	-331.08411	0
2093	940277	1	-331.31472	0
822	880528	1	-331.47657	0
1497	910221	1	-331.78742	0
1985	930866	1	-332.24285	0
1720	920466	1	-332.42564	0
898	880853	1	-332.48862	0
172	830396	1	-333.77673	0
850	880669	1	-334.7827	0
1371	900757	1	-335.42094	0
1684	920264	1	-338.05674	0
2273	950173	1	-339.66653	0
2120	940365	1	-340.00751	0
1086	890647	1	-341.15808	0
1294	900424	1	-343.06679	0
681	870953	1	-344.36218	0
2082	940219	1	-345.28238	0
2196	940739	1	-345.40201	0
2215	940785	1	-346.71088	0
360	850818	1	-349.46564	0
2060	940132	1	-350.07398	0
1559	910535	1	-350.33483	0
882	880803	1	-352.65776	0
761	880233	1	-352.91176	0
1229	900183	1	-354.68485	0
1506	910255	1	-355.64585	0
1683	920259	1	-356.45227	0
967	890140	1	-357.02329	0
893	880842	1	-359.27268	0
746	880166	1	-360.71783	0
871	880748	1	-361.86525	0
815	880486	1	-362.95508	0
519	860968	1	-363.27398	0
2106	940313	1	-364.12225	0
2046	940092	1	-364.15427	0
1889	930505	1	-364.49606	0
1405	900869	1	-364.7893	0
915	880901	1	-365.56552	0
886	880821	1	-368.6653	0
1415	900897	1	-369.13713	0
669	870888	1	-370.84667	0
1298	900443	1	-372.16978	0
533	861238	1	-372.88174	0
848	880659	1	-374.05061	0
860	880711	1	-374.18195	0
7	319	1	-375.30275	0
1578	910626	1	-376.76343	0
309	850201	1	-379.44372	0
1227	900172	1	-381.04677	0
1484	910176	1	-381.68746	0
447	860065	1	-382.14094	0
889	880826	1	-382.30028	0
1435	910008	1	-383.82135	0
784	880313	1	-384.87241	0
842	880634	1	-385.47289	0
1641	920006	1	-385.87337	0
2043	940080	1	-386.30761	0
1638	911019	1	-386.43942	0
879	880794	1	-386.79938	0
2042	940079	1	-387.49422	0
720	880098	1	-387.91951	0
983	890199	1	-388.2719	0
1450	910040	1	-388.6043	0
872	880754	1	-390.11626	0
2241	950068	1	-390.81587	0
2162	940633	1	-391.02099	0
2118	940354	1	-392.88477	0
709	880063	1	-393.82728	0
1622	910805	1	-396.53534	0
1119	890745	1	-399.82203	0
963	890121	1	-400.47773	0
825	880563	1	-400.67814	0
3	83	1	-402.52041	0
480	860328	1	-403.39604	0
1600	910724	1	-405.14729	0
2275	950182	1	-407.78138	0
2024	940038	1	-407.96765	0
2044	940081	1	-408.56569	0
192	840011	1	-410.47818	0
2152	940601	1	-411.12278	0
1538	910401	1	-411.73776	0
317	850238	1	-411.76845	0
940	890050	1	-414.27113	0
2099	940302	1	-415.30218	0
435	860020	1	-416.08068	0
2123	940374	1	-418.22709	0
1692	920306	1	-418.78289	0
1396	900839	1	-419.4887	0
702	880045	1	-424.80458	0
830	880586	1	-428.15181	0
838	880622	1	-429.07977	0
81	4050	1	-429.72399	0
469	860207	1	-431.72192	0
2047	940101	1	-432.68208	0
707	880054	1	-433.93863	0
1281	900366	1	-434.06207	0
1243	900234	1	-434.31719	0
2078	940207	1	-434.47787	0
2074	940199	1	-434.51642	0
2116	940350	1	-434.67816	0
1055	890500	1	-436.09721	0
727	880112	1	-439.04398	0
564	870146	1	-440.53175	0
805	880405	1	-443.01507	0
27	1725	1	-444.48596	0
931	890018	1	-445.6532	0
1907	930600	1	-446.02358	0
706	880052	1	-448.54763	0
733	880130	1	-448.93867	0
42	2335	1	-450.34537	0
1798	920866	1	-451.11609	0
1687	920272	1	-452.73842	0
741	880148	1	-453.75576	0
1532	910371	1	-454.17127	0
1982	930857	1	-454.92939	0
2009	930920	1	-455.13151	0
459	860125	1	-458.05873	0
2121	940370	1	-459.65553	0
1127	890764	1	-461.42871	0
841	880633	1	-465.15801	0
877	880782	1	-465.94817	0
2002	930905	1	-466.15464	0
1686	920269	1	-467.1741	0
2263	950139	1	-467.69391	0
849	880668	1	-467.80455	0
2021	940034	1	-469.08404	0
791	880350	1	-469.44932	0
1485	910182	1	-469.77541	0
787	880334	1	-471.979	0
812	880474	1	-472.36392	0
231	840530	1	-473.54099	0
765	880237	1	-475.14957	0
2217	940788	1	-476.22233	0
2188	940703	1	-476.33293	0
809	880461	1	-478.67465	0
936	890043	1	-479.62941	0
10	386	1	-481.39967	0
1827	930147	1	-483.01868	0
986	890207	1	-483.61999	0
1978	930843	1	-484.16544	0
549	870053	1	-487.82252	0
859	880709	1	-487.83423	0
2223	940802	1	-491.97677	0
687	880009	1	-494.59686	0
903	880862	1	-495.62525	0
701	880041	1	-497.82043	0
1796	920859	1	-498.13793	0
1310	900490	1	-499.04856	0
2168	940648	1	-501.46754	0
975	890155	1	-504.25856	0
1428	900933	1	-511.28842	0
1989	930874	1	-512.02942	0
865	880728	1	-520.03	0
1145	890818	1	-529.53021	0
868	880735	1	-534.19986	0
1560	910544	1	-537.20661	0
835	880611	1	-537.63591	0
2083	940222	1	-537.70201	0
1442	910020	1	-538.77427	0
1691	920297	1	-544.06748	0
2062	940134	1	-544.63215	0
1994	930887	1	-549.00813	0
1852	930293	1	-551.81878	0
1839	930230	1	-556.78203	0
747	880168	1	-562.1919	0
2128	940403	1	-562.19896	0
1914	930638	1	-563.93718	0
1453	910056	1	-569.21404	0
2154	940605	1	-569.47227	0
1797	920863	1	-570.28626	0
966	890138	1	-571.66213	0
2249	950096	1	-572.58072	0
1338	900599	1	-573.76924	0
2119	940356	1	-574.31306	0
1911	930618	1	-579.51206	0
1958	930771	1	-581.49353	0
955	890101	1	-582.4855	0
867	880734	1	-585.44381	0
1350	900660	1	-590.07559	0
1738	920530	1	-591.18384	0
1693	920307	1	-593.30651	0
1881	930451	1	-605.04252	0
1847	930271	1	-608.41436	0
1246	900238	1	-612.69645	0
803	880402	1	-616.89172	0
1522	910307	1	-620.55487	0
1271	900311	1	-621.52382	0
1019	890326	1	-625.34951	0
1627	910820	1	-625.75913	0
1670	920111	1	-628.76864	0
913	880895	1	-632.82618	0
1848	930272	1	-633.30397	0
2258	950127	1	-633.98779	0
528	861177	1	-677.40012	0
1592	910696	1	-687.50974	0
2235	950044	1	-694.61869	0
1725	920484	1	-709.67141	0
1594	910698	1	-740.25508	0
1220	900139	1	-763.03021	0
1207	900098	1	-766.65891	0
2058	940125	1	-829.4595	0
1741	920536	1	-883.50437	0
2271	950167	1	-912.26888	0
1389	900803	1	-921.45564	0
1695	920312	1	-996.14255	0
2181	940682	1	-1035.8394	0
2283	950335	1	-1116.8377	0
