hayvan baba ana bay byas sver305
930070 880210 900916 2 37 5004
930287 4050 900856 3 35 7503
930409 890213 900047 2 33 7043
930483 900235 910279 2 32 6418
930514 910274 910172 1 30 6758
930585 4167 910481 1 29 6655
930608 890213 880857 1 29 6784
930640 4167 880906 1 29 6709
930666 4167 910150 4 31 7108
930675 890213 880192 1 28 4812
930681 910274 890313 4 31 6508
930695 4020 910484 1 28 7090
930712 890213 900267 2 29 6540
930714 4167 910482 5 32 7490
930723 4020 890745 1 28 7092
930730 4167 840897 1 28 6272
930742 880210 910617 1 28 6877
930744 4020 840124 1 28 7028
930746 910274 861294 2 29 5171
930750 880210 910665 1 27 6221
930763 880210 910626 1 27 4593
930785 890848 880521 3 29 6579
930788 3998 890563 1 27 6607
930791 900313 900723 1 27 5634
930797 900313 910603 1 27 6106
930801 4152 890737 1 27 5700
930814 900313 890668 1 27 6100
930815 900311 910610 1 27 6426
930817 4152 900647 1 27 6710
930820 4152 880032 3 29 4881
930821 4020 900661 1 27 6552
930823 4152 860017 1 27 5230
930827 890848 900873 7 33 6050
930831 4050 900796 2 27 7688
930832 910008 900543 1 26 6334
930838 890848 900872 2 27 7060
930839 890848 880610 1 26 6065
930843 910274 910698 1 26 4745
930856 900311 900571 1 26 6245
930857 910008 890764 4 29 5338
930862 910008 880777 3 28 6075
930865 3998 900535 2 27 8102
930866 900313 900780 1 26 5285
930869 910008 870706 2 27 6309
930870 4152 910671 1 26 6065
930872 3998 910627 8 33 7364
930874 900311 900657 1 26 5141
930875 910008 880722 1 26 5400
930878 900311 870740 3 28 6014
930881 4152 910725 7 32 6728
930886 900311 850170 1 26 6645
930887 900311 870858 2 27 4505
930888 4050 870830 1 26 5689
930889 3998 900427 2 27 5468
930891 900311 910755 2 27 7388
930898 900313 900702 2 27 6031
930900 900313 910751 4 29 5939
930903 3998 890004 2 27 7160
930904 4152 860523 3 28 7002
930905 900311 900839 1 26 5712
930907 910274 910789 2 27 6804
930909 3998 870862 2 27 6789
930911 890848 870711 4 29 6038
930913 3998 840113 1 26 7230
930914 4152 900883 2 26 6325
930916 4050 880234 4 28 5555
930920 900311 870930 3 27 5334
940007 910008 890570 3 26 5720
940008 880210 910736 3 26 6822
940010 3998 870880 5 28 6205
940012 4152 880231 3 26 5091
940014 4050 890793 2 25 6280
940018 910008 890724 5 28 6491
940024 890848 900916 3 26 5965
940025 4152 890013 3 26 6870
940026 4050 900853 3 26 5184
940028 900311 900771 3 26 6177
940029 900313 900628 3 26 5427
940034 900313 880555 5 28 4607
940035 900313 900811 4 27 6147
940036 4152 910804 4 27 7415
940038 4050 910743 3 26 5376
940039 4050 850799 3 26 6326
940043 890848 870898 3 26 5780
940045 910113 900925 4 27 6687
940046 910008 910844 2 25 6745
940048 910274 900784 3 26 6111
940049 4050 890645 4 27 6630
940052 3998 890721 6 29 5484
940053 4050 870410 2 25 7066
940055 4152 890656 3 26 6113
940060 4050 850875 4 27 7472
940064 4152 900855 3 26 6905
940065 4167 870810 4 27 6890
940066 880210 910258 5 28 5292
940069 900313 920009 4 27 5453
940071 3998 900762 3 26 6511
940073 4204 890883 3 26 5342
940077 4167 870290 4 27 6728
940079 4050 840051 3 26 5185
940080 900313 900933 3 26 5648
940081 4050 860538 3 26 5200
940085 4152 880865 2 24 5430
940092 910113 900900 3 25 4542
940101 4050 920016 4 26 4585
940102 4050 870087 4 26 4950
940105 4152 900105 3 25 6070
940110 910113 880835 3 25 6292
940111 910008 920015 4 26 5788
940112 4050 890706 4 26 6555
940114 4167 910848 8 30 5349
940116 4204 900053 3 25 6878
940118 4167 900884 4 26 5858
940122 890848 890671 3 25 4247
940123 4152 890810 3 25 6656
940125 910008 910820 5 27 3648
940129 4152 870849 3 25 6015
940132 900313 890830 4 26 4846
940133 4152 900028 5 27 5675
940134 900311 850808 5 27 4410
940143 3998 900466 6 28 6164
940153 4050 870725 5 27 5610
940155 910274 890886 4 26 5639
940160 4050 910131 7 29 5618
940162 4152 870024 4 26 5123
940163 4204 910808 5 27 5263
940165 4050 880779 4 26 5650
940168 4050 910071 4 25 5667
940172 4204 910829 6 27 5763
940173 3998 890700 5 26 6055
940193 4167 900928 5 26 5971
940199 900311 900833 6 27 4947
940201 4050 920039 6 27 5236
940203 3998 890758 5 26 7008
940204 3998 900100 5 26 6222
940207 900313 910044 6 27 4473
940210 4167 880486 6 27 4495
940217 900313 920102 6 27 6250
940219 900311 851018 6 27 5290
940222 900311 860063 6 27 4536
940224 4050 890689 6 27 6069
940225 910274 920066 6 27 5954
940226 3998 920145 5 26 6265
940231 900235 910638 5 26 5878
940234 4050 880570 8 29 5519
940238 900311 920030 10 31 5451
940247 4152 910266 5 26 5975
940257 900313 900134 8 28 5808
940274 900313 910117 7 27 6000
940277 910008 920170 5 25 5268
940279 3998 900383 10 30 7362
940281 4020 890425 5 25 7477
940291 3998 870982 6 26 6165
940299 4152 910272 6 26 6263
940301 900313 900141 7 27 5931
940302 910008 920033 8 28 4563
940303 910008 920176 7 27 7470
940306 900313 910185 10 30 6482
940307 900313 910185 7 27 7000
940308 4167 870396 8 28 6835
940309 900313 920096 7 27 6378
940311 4167 900214 6 26 5223
940313 4050 920114 6 26 5040
940315 4020 920022 12 32 4891
940317 900313 920086 6 26 4994
940319 4167 920156 6 26 6891
940320 3998 910232 6 26 5480
940325 4050 920071 7 27 6425
940330 900229 920287 8 28 5344
940337 4050 910340 9 28 5976
940339 900183 900251 6 25 6131
940341 3998 910236 7 26 6040
940350 910008 880654 7 26 4731
940352 900235 900122 9 28 5310
940354 910008 850093 7 26 5154
940356 900311 920165 8 27 4528
940365 900183 920115 7 26 4938
940370 910008 910118 7 26 4581
940371 900235 890183 8 27 5272
940374 900183 851039 10 29 4998
940376 4204 910122 9 28 7470
940383 910008 910391 5 24 4956
940388 4204 920286 9 28 5553
940392 900183 900328 8 27 4278
940403 900311 870792 12 31 4306
940413 900313 890049 9 28 7314
940417 4204 920266 12 30 7271
940421 900229 890118 9 27 6179
940422 900235 890330 10 28 6135
940433 900183 910294 10 28 6727
940463 900235 890089 11 29 6975
940464 900235 910244 8 26 5914
940481 900235 920420 10 28 4972
940493 900235 851035 10 28 7588
940500 910113 910434 11 28 7469
940536 900235 920398 11 28 5733
940548 900235 920412 10 27 4356
940557 3978 920483 11 28 7122
940569 4050 910661 11 28 5418
940578 4204 920479 12 29 6598
940586 4167 890584 12 28 5738
940590 4152 890737 12 28 6376
940592 900311 900667 11 27 6305
940597 910274 900723 12 28 6977
940602 4204 920443 11 27 6016
940605 910008 920272 12 28 4784
940617 910274 880521 12 28 6038
940626 4050 910617 12 28 6985
940666 910008 900070 12 27 5569
940675 910274 900324 12 27 8317
940682 910008 870146 12 27 2230
940715 3978 900689 12 27 6325
940746 900311 910150 12 27 6827
940776 900313 920698 9 23 5606
940802 900183 920235 12 26 4566
