hayvan	baba	ana	byil	bay	byas	sver305
880002	360	840014	1990	3	26	4134
880007	319	850941	1990	3	26	4704
880009	319	850220	1990	4	27	2328
880011	1101	850686	1990	3	26	3786
880016	319	850790	1990	1	24	4216
880017	126	2048	1990	3	26	4388
880018	319	850713	1990	3	26	4053
880023	780004	3321	1990	1	24	3678
880024	1101	850808	1990	7	30	4230
880025	1131	850933	1990	2	25	3797
880028	360	820345	1990	7	30	3446
880032	360	820307	1990	1	24	3908
880036	126	840458	1992	4	51	4975
880040	386	841062	1990	4	27	4498
880041	319	850871	1990	5	28	2337
880045	386	840940	1990	6	29	2814
880046	319	850878	1990	2	25	3645
880049	1101	850701	1990	2	25	4020
880051	1101	850699	1990	1	24	3852
880052	319	850405	1990	5	28	3082
880054	319	850771	1990	1	24	2568
880062	1043	3247	1990	5	28	4096
880063	386	830007	1990	1	24	2880
880070	126	830374	1990	2	25	4504
880074	318	830012	1990	3	26	3840
880075	386	840046	1990	5	28	4180
880078	780004	3273	1990	3	26	4042
880079	83	830259	1990	3	26	3907
880080	386	840864	1990	2	25	3486
880085	486	3355	1990	2	24	3545
880094	1101	850428	1990	4	26	4554
880096	386	830038	1990	3	25	4700
880098	397	820246	1990	7	29	2505
880101	486	820419	1990	2	24	4100
880102	318	830056	1990	3	25	4174
880104	486	1244	1990	1	23	4001
880109	397	841107	1990	4	26	3231
880110	126	830363	1990	3	25	3617
880115	850319	851032	1990	4	26	4117
880118	975	1149	1990	2	24	3809
880122	780004	830360	1990	7	29	4485
880124	83	830436	1990	3	25	4146
880130	83	840381	1990	5	27	2549
880133	850319	850839	1990	11	33	3576
880136	780004	830215	1990	3	25	4622
880137	1131	850903	1990	5	27	4115
880144	397	850768	1990	4	26	4447
880146	386	840681	1990	5	27	3941
880147	486	239	1990	12	34	3358
880148	386	830464	1990	3	25	4101
880150	1024	841099	1990	6	28	3415
880158	1024	830014	1990	5	27	3829
880160	1101	851055	1990	5	27	3304
880166	83	841022	1990	5	27	3475
880168	841131	851039	1990	6	27	1922
880171	486	840795	1990	4	25	3676
880173	1043	3144	1990	5	26	4343
880186	840126	840686	1990	5	26	3486
880191	486	841011	1991	3	36	4054
880192	841101	851064	1990	6	27	3287
880193	850319	851102	1990	4	25	3307
880202	1043	1971	1990	4	25	4118
880205	780004	859	1990	7	28	2760
880230	360	840265	1990	4	25	3945
880231	360	860031	1990	4	25	3689
880233	360	841102	1990	4	25	2812
880234	386	820044	1990	4	25	3615
880235	360	850072	1990	7	28	3504
880236	386	851029	1990	11	32	3499
880237	360	850125	1990	7	28	2222
880243	841131	851163	1990	10	31	3863
880246	975	830418	1990	8	29	2962
880247	360	841162	1990	4	25	4659
880248	486	851103	1990	7	28	3319
880252	841131	851082	1990	8	28	3904
880260	850319	850986	1990	6	26	2819
880262	841101	840520	1990	5	25	3534
880269	386	851116	1990	5	25	3111
880287	850319	851131	1990	3	23	4282
880295	840126	860358	1990	8	28	4469
880300	397	860266	1991	3	35	3930
880301	360	860180	1990	5	25	3918
880304	126	860523	1990	5	25	3437
880308	1131	850206	1990	6	26	4413
880309	486	830283	1990	6	26	3780
880310	1101	851027	1990	6	26	3435
880313	860020	851122	1990	11	31	2994
880330	397	860260	1991	4	36	4234
880331	360	860141	1991	4	36	4441
880334	386	851110	1990	5	24	2448
880347	126	840753	1991	2	33	3699
880349	860140	860065	1990	5	24	4196
880350	83	820141	1991	9	40	3225
880355	1101	860193	1990	9	28	3866
880359	860043	860017	1990	7	26	4093
880369	83	850108	1990	8	27	3224
880381	126	830187	1990	4	23	4052
880384	330	850042	1990	8	27	3597
880385	360	840558	1990	6	25	4550
880394	850319	850192	1990	8	27	3525
880397	850319	860249	1990	7	26	2910
880400	1131	851076	1990	7	26	3394
880402	860020	860012	1990	12	31	2222
880404	83	820269	1990	7	26	3151
880405	386	840489	1990	11	30	2844
880409	860043	860207	1990	10	29	1771
880441	841101	840871	1991	5	35	4390
880446	860020	860083	1990	11	29	3426
880461	860020	860673	1990	9	27	2363
880466	1101	830022	1990	8	26	3900
880474	397	840374	1990	8	26	2099
880485	850319	2912	1990	10	28	4440
880486	83	2293	1990	6	24	3196
880498	83	860250	1990	11	29	3836
880506	840126	850299	1990	9	26	3210
880510	1131	840781	1990	11	28	3281
880521	386	820494	1991	1	30	4256
880522	486	563	1990	9	26	3537
880523	860020	840580	1991	4	33	4240
880528	386	2811	1990	4	21	2994
880555	841131	840330	1990	11	28	3442
880558	860020	840164	1990	11	28	3634
880563	1101	850224	1990	10	27	2514
880569	860020	850502	1990	7	24	3337
880570	386	840517	1991	3	32	5508
880571	486	820153	1990	12	29	3603
880582	360	860130	1990	11	27	4093
880586	860020	841126	1990	11	27	2742
880602	860020	840631	1990	11	27	4080
880603	83	2781	1991	3	31	4237
880607	83	840567	1991	2	30	4950
880610	841101	850158	1990	11	27	4652
880611	486	2526	1990	11	27	2208
880612	1131	860398	1991	7	35	5030
880615	850319	2868	1990	8	24	2628
880622	386	850575	1991	1	29	3271
880625	860071	850489	1990	11	27	3021
880626	360	840797	1990	8	24	3799
880633	860020	841008	1991	7	35	3158
880634	360	840624	1990	11	27	2781
880642	386	840474	1990	7	23	3126
880652	860035	830105	1990	8	24	4380
880653	397	840838	1990	11	27	4443
880654	486	820179	1991	5	33	4527
880655	397	820279	1990	8	24	4351
880659	850319	850480	1991	6	34	3323
880668	386	840484	1990	11	26	2671
880669	486	2198	1990	12	27	2976
880672	397	840766	1990	11	26	3331
880676	486	840920	1991	1	28	4442
880679	486	2820	1991	12	39	5116
880686	486	731	1991	6	33	4675
880694	83	820205	1990	12	27	4295
880695	1101	840431	1991	6	33	3375
880701	850319	850214	1991	3	30	5142
880706	860020	840654	1991	6	33	5136
880709	386	820184	1990	12	27	2609
880711	850319	841005	1990	8	23	2588
880713	386	860391	1991	3	30	4152
880716	386	830351	1991	7	34	3930
880722	360	840079	1990	12	27	4132
880724	386	830010	1990	12	27	4365
880728	83	820114	1991	4	31	2983
880730	860140	850236	1991	9	36	3437
880734	386	2708	1991	5	32	3642
880735	386	840007	1991	1	28	3052
880737	850319	850157	1990	11	26	3704
880743	860061	841045	1991	10	37	5889
880748	850319	841056	1991	2	28	3624
880754	83	750411	1991	10	36	3447
880758	850319	2627	1991	4	30	3892
880769	850319	850774	1991	2	28	3708
880777	860020	830403	1991	2	28	4919
880779	840126	830069	1991	6	32	4658
880782	1101	850818	1990	11	25	2508
880792	83	2618	1992	2	40	4391
880794	850319	850537	1991	4	30	3459
880798	83	2287	1991	5	31	4159
880802	397	860637	1991	7	33	4250
880803	360	850953	1991	4	30	3504
880814	860140	860806	1990	11	25	5101
880818	860071	830066	1991	5	31	4938
880820	860020	860916	1991	7	33	3930
880821	1101	830396	1991	3	29	3374
880822	397	2283	1991	4	30	4372
880825	860020	2438	1991	7	33	5002
880826	386	840217	1991	3	29	3802
880830	860026	860911	1990	11	25	4506
880835	1131	820299	1991	2	27	4896
880836	860041	861074	1991	7	32	4894
880842	397	850665	1991	7	32	4026
880844	860054	850824	1991	6	31	4914
880846	860054	860779	1992	3	40	5698
880850	1131	830339	1991	8	33	4847
880853	360	3254	1991	9	34	3040
880854	860026	861237	1991	5	30	2499
880856	83	820328	1991	8	33	4371
880857	83	820328	1992	7	44	4195
880858	860054	860822	1991	7	32	5343
880862	486	1725	1991	4	29	3410
880863	860041	860781	1991	3	28	4704
880865	397	3298	1991	5	30	4352
880873	386	850893	1991	5	30	4462
880875	850319	830051	1991	7	32	4622
880876	1131	840835	1991	4	29	4340
880885	860020	860874	1991	6	31	4341
880887	83	850688	1991	6	31	3240
880888	860061	860544	1991	5	30	4227
880892	1101	830184	1991	6	31	4050
880895	860140	860328	1991	4	29	1999
880898	860140	850873	1991	5	30	4428
880901	1101	840749	1991	4	29	3153
880904	1131	820218	1992	2	39	3838
880906	860054	860464	1991	4	29	3961
880910	860054	850628	1991	5	30	5028
880911	397	850945	1991	2	27	4947
880912	860054	860746	1991	4	29	5105
880916	850319	850525	1991	9	33	4914
880934	860140	850790	1991	5	29	4609
880936	850319	840070	1991	5	29	4510
890002	386	850673	1991	6	29	4664
890004	83	841064	1991	4	27	3524
890006	83	850853	1991	7	30	4180
890008	860071	830056	1991	3	26	4371
890012	860071	860015	1991	3	26	4976
890013	486	820419	1991	4	27	5145
890018	486	840011	1991	5	28	3588
890021	1131	850735	1991	6	29	4104
890032	386	851113	1991	5	28	4218
890038	850319	850077	1991	3	26	4370
890039	360	830385	1991	7	30	4117
890043	83	1664	1991	12	35	3305
890045	860043	870217	1991	5	28	3330
890047	860020	2428	1991	7	30	4838
890049	360	851035	1991	7	30	4897
890050	360	850995	1991	4	27	3595
890054	54	840113	1991	9	32	5715
890060	1101	830445	1991	6	29	5441
890061	397	850882	1991	5	28	3610
890069	83	850849	1991	6	29	4152
890074	126	830469	1991	8	31	4005
890078	860035	870106	1991	5	28	5476
890080	860140	830126	1991	6	29	4706
890081	860020	830215	1991	6	29	3426
890083	860020	840795	1991	6	29	3658
890089	1101	840362	1991	7	29	4528
890091	860140	841022	1991	6	28	3605
890094	486	239	1991	5	27	3646
890099	860026	860678	1991	6	28	3350
890100	860041	870221	1991	6	28	4116
890103	860026	870015	1991	5	27	4720
890107	486	820307	1991	6	28	4841
890110	1131	2954	1991	5	27	3425
890112	386	2401	1991	4	26	5170
890113	486	830476	1991	6	28	4472
890114	397	840232	1991	6	28	3792
890118	860140	850878	1992	2	36	5129
890121	397	840854	1991	8	30	3098
890127	860071	860034	1991	7	29	3823
890137	386	851173	1991	8	30	4692
890140	360	840144	1991	7	29	3345
890141	860026	870024	1991	6	28	4874
890143	840126	840895	1991	4	26	4412
890144	860054	850072	1991	6	28	5141
890145	860043	870237	1991	7	29	4674
890149	386	850903	1991	8	30	4200
890150	860020	860224	1991	6	28	4587
890155	360	851070	1991	6	28	2230
890174	1131	830241	1991	7	28	4973
890182	850319	830166	1991	7	28	3992
890183	397	850206	1991	6	27	5633
890185	850319	1726	1991	6	27	4918
890186	1131	850163	1991	7	28	3793
890188	1101	850701	1991	5	26	3454
890199	860020	860266	1991	9	30	3561
890202	386	840026	1991	8	29	4104
890203	860071	860065	1991	8	29	4445
890210	486	830424	1991	6	27	3550
890216	860026	870214	1991	5	26	5078
890223	860035	870248	1991	8	29	4470
890229	860043	870315	1991	6	27	4178
890230	860041	870138	1991	7	28	4757
890233	860140	860125	1991	7	28	3698
890235	860035	870410	1991	7	28	5094
890236	860026	870135	1991	6	27	4755
890242	860043	870166	1991	6	27	4987
890246	860043	870290	1991	5	26	4986
890248	860026	870077	1991	7	28	4709
890252	1101	840940	1991	8	28	4669
890255	860061	861239	1991	6	26	3942
890256	860035	870268	1991	6	26	4832
890258	860071	851044	1991	6	26	4662
890261	860061	861272	1991	6	26	4221
890262	860041	870265	1991	11	31	6288
890263	1131	841089	1991	6	26	3862
890265	860041	870340	1991	8	28	3412
890278	83	2205	1991	7	27	4098
890279	386	841132	1991	7	27	3676
890280	860035	870485	1991	5	25	4812
890284	860140	850204	1991	8	28	4273
890294	860061	851042	1991	7	27	3502
890297	860041	870277	1991	1	21	5910
890301	1131	830157	1991	5	25	3883
890307	860071	830680	1991	6	26	3585
890319	360	860955	1991	7	27	3895
890323	860026	870534	1991	11	31	3956
890326	386	841099	1991	6	26	2539
890329	860043	870326	1991	6	26	5130
890330	860026	870087	1991	6	26	4748
890332	860035	870258	1991	8	28	3804
890335	860061	860103	1991	5	24	4447
890337	386	870065	1991	6	25	4281
890338	860041	870593	1991	5	24	4967
890347	360	850108	1991	7	26	4434
890355	1101	841162	1991	6	25	3545
890359	860026	870524	1991	2	21	3738
890362	860026	870581	1991	8	27	5170
890376	850319	840423	1991	7	26	4066
890377	860035	870129	1991	6	25	4381
890381	860054	870154	1991	6	25	4553
890385	860026	870637	1991	8	27	4905
890391	860140	870181	1992	6	37	5645
890397	860020	851171	1991	6	25	3585
890425	860041	870464	1991	9	27	5089
890427	860061	870045	1991	8	26	3852
890431	860061	861128	1991	8	26	3843
890437	860026	870343	1991	10	28	4668
890452	3481	850346	1991	8	26	3987
890453	860041	870143	1991	10	28	3024
890455	860026	870476	1991	9	27	4015
890456	36	860143	1991	6	24	4903
890461	83	850013	1991	10	28	5526
890465	3634	860521	1991	9	27	4330
890466	3634	850145	1991	8	26	4680
890468	860035	870400	1992	2	32	4780
890469	860035	870570	1991	11	29	4191
890480	3634	860001	1991	10	28	5756
890486	3634	851147	1991	8	26	4315
890489	36	840567	1991	9	27	4339
890500	860041	870492	1991	12	29	2665
890502	860026	870120	1991	12	29	5010
890507	860026	870591	1991	8	25	6212
890523	860061	861279	1991	8	25	4091
890524	860020	850489	1991	10	27	4152
890525	3481	840194	1991	9	26	4218
890528	3481	820051	1991	9	26	4270
890532	3481	850343	1991	11	28	4138
890543	36	841181	1991	8	25	4065
890547	3481	860327	1991	9	26	3730
890550	3697	860083	1991	10	27	3854
890551	36	851177	1991	9	26	5006
890558	860054	851129	1991	9	26	5025
890563	3634	851083	1991	11	28	4587
890564	3634	851093	1991	12	29	4437
890565	36	830057	1991	10	27	4454
890567	3481	840580	1991	11	28	5956
890570	36	841066	1991	12	29	5507
890580	860043	870675	1991	10	27	4514
890583	860061	851036	1991	9	25	3885
890584	860054	840270	1991	8	24	5330
890594	3634	850575	1991	10	26	5197
890596	3481	1717	1991	9	25	4840
890606	860061	860067	1991	9	25	3900
890616	860054	820351	1991	12	28	4200
890618	3634	861221	1992	1	29	5982
890620	3481	850048	1991	12	28	5578
890627	3697	850031	1991	9	25	5601
890628	3634	830105	1991	12	28	2723
890645	3697	1772	1991	12	28	4649
890647	3697	840363	1991	11	27	3590
890648	3481	830020	1992	2	30	4058
890655	36	830022	1991	12	28	3956
890656	3634	850999	1992	1	29	5396
890657	360	870402	1991	12	28	4225
890663	3438	850813	1991	12	28	3992
890665	3481	850102	1992	2	29	3315
890666	3697	860314	1992	2	29	4786
890668	3697	840460	1992	1	28	4786
890671	36	820414	1992	1	28	5639
890675	3481	830240	1991	12	27	4490
890676	3481	861180	1991	12	27	3797
890682	3697	850236	1992	9	36	4305
890683	860043	870522	1991	12	27	4772
890684	860043	870715	1992	1	28	5900
890689	3634	2291	1991	12	27	5249
890691	36	820234	1992	1	28	4485
890698	3634	830010	1992	1	28	4782
890700	3481	840573	1991	11	26	5345
890702	3438	2403	1991	11	26	6226
890705	3481	1731	1992	1	28	5130
890706	3481	850524	1992	2	29	5142
890711	860035	870543	1992	1	28	6282
890713	3634	840104	1991	12	27	5740
890719	860061	840265	1992	7	34	4388
890721	860041	870544	1992	3	30	4830
890722	36	851083	1991	12	27	4020
890724	860054	840541	1992	3	30	3658
890726	360	870658	1991	12	27	4680
890737	860081	850137	1991	12	27	5717
890740	860020	861291	1992	4	31	5375
890745	860020	820205	1992	1	28	2682
890748	860081	3129	1992	4	30	4055
890750	860061	850449	1991	12	26	3330
890752	860020	850864	1992	1	27	4695
890755	860061	820123	1992	3	29	4207
890757	860061	820214	1992	5	31	4858
890758	860026	870403	1991	12	26	4630
890760	860061	860780	1992	1	27	5566
890764	860081	850403	1992	1	27	2982
890770	860054	820188	1991	12	26	3945
890771	860054	861237	1991	12	26	6040
890772	860020	3331	1992	3	29	5547
890779	83	820382	1991	12	26	4989
890783	860054	2287	1992	1	27	4786
890785	860061	860962	1992	2	28	4748
890787	860026	870768	1991	12	26	4191
890788	850208	850774	1992	3	29	4892
890789	4020	861065	1991	12	26	4852
890792	4020	850628	1992	1	27	3966
890793	4020	820278	1992	1	27	4989
890810	860078	2283	1992	3	29	4942
890811	850201	841126	1992	1	27	4288
890812	3841	860818	1992	2	28	3993
890814	860078	860919	1992	3	29	5658
890816	850208	2036	1992	1	27	3552
890818	850201	850818	1992	1	27	3264
890819	860078	850688	1991	12	26	4329
890823	397	870265	1992	5	31	3800
890827	4020	830072	1992	8	34	5137
890828	4020	870042	1992	3	29	5498
890830	4050	830318	1992	4	30	4677
890833	3841	820172	1992	2	27	5036
890837	4152	860701	1992	4	29	5426
890843	860043	870810	1992	7	32	5224
890849	4152	830272	1992	3	28	5106
890857	4050	841062	1992	5	30	4766
890860	860054	861231	1992	3	28	5703
890867	850201	870008	1992	2	27	5927
890875	4096	840017	1992	4	29	5358
890879	4050	861067	1992	6	31	4408
890883	860043	870721	1992	4	29	5296
890884	4152	820434	1992	4	29	3204
890886	850208	614	1992	5	30	5300
890892	4152	850707	1992	4	29	5286
890898	860041	870792	1992	2	27	6437
890900	850201	851007	1992	10	35	3885
890909	4020	841152	1992	4	29	4695
890914	4020	850873	1992	2	26	4593
890921	4152	820303	1992	3	27	5417
890930	4050	840846	1992	5	29	3906
890932	860043	870750	1992	3	27	4419
890935	860078	830211	1992	5	29	4492
890937	860035	870813	1992	2	26	5499
890938	860026	870928	1992	5	29	4690
890939	860078	830348	1992	4	28	4860
890944	850208	870227	1992	2	26	4827
890955	4020	850849	1992	3	27	5562
890958	850201	830374	1992	4	28	5850
900015	860026	870858	1992	5	28	6054
900018	860043	870718	1992	7	30	5095
900023	860035	870871	1992	2	25	5130
900028	860026	870965	1992	4	27	4692
900030	860078	830390	1992	5	28	5189
900031	860026	880016	1992	6	29	5034
900033	4050	870015	1992	7	30	3720
900038	860061	820236	1992	5	28	5112
900043	860043	880032	1992	4	27	4758
900046	860054	840749	1992	4	27	4840
900047	860026	870880	1992	4	27	5025
900050	860043	870796	1992	5	28	4875
900051	860041	870863	1992	6	29	4713
900053	860026	870584	1992	4	27	4658
900056	860054	820367	1992	2	25	5256
900062	860054	3070	1992	7	30	3930
900065	860043	870740	1992	5	28	3980
900069	860026	870894	1992	6	29	4187
900070	860026	880104	1992	4	27	5940
900071	860041	870873	1992	5	28	4364
900073	860041	870790	1992	5	28	5566
900079	860026	870663	1992	10	33	5120
900081	860054	830422	1992	7	30	3944
900084	860041	870930	1992	4	26	5029
900089	850201	860746	1992	4	26	4282
900091	860041	880023	1992	4	26	4435
900095	3841	860339	1992	4	26	5571
900096	860026	870910	1992	5	27	5922
900098	850201	860968	1992	2	24	2090
900100	860078	840864	1992	6	28	4537
900105	850208	851068	1992	4	26	4911
900107	860043	870857	1992	5	27	5286
900112	860061	861238	1992	4	26	4743
900114	4152	850072	1992	4	26	3916
900119	860054	870106	1992	4	26	3285
900122	4152	870146	1992	8	30	3999
900126	3841	850947	1992	5	27	3819
900127	860041	870784	1992	4	26	4015
900130	4096	851173	1992	5	27	4251
900134	860035	880049	1992	4	26	5886
900136	860043	870877	1992	5	27	5191
900139	4050	860065	1992	10	32	2093
900141	860078	830011	1992	4	26	4500
900149	860043	880101	1992	5	27	4980
900155	4133	861256	1992	4	26	4224
900162	850201	860431	1992	7	29	4500
900165	4152	870057	1992	8	30	4345
900166	850208	2526	1992	8	30	4096
900172	4050	830266	1992	5	26	3569
900179	860035	880118	1992	5	26	4595
900186	4152	850641	1992	7	28	2965
900189	850208	860762	1992	6	27	4000
900196	850208	860125	1992	4	25	3870
900198	860035	880071	1992	5	26	4861
900199	850208	851085	1992	11	32	4508
900202	860078	841102	1992	7	28	4130
900206	860043	870954	1992	6	27	5150
900214	850208	820162	1992	6	27	4632
900218	850201	870290	1992	6	27	4743
900221	850208	851107	1992	7	28	5020
900222	860061	861305	1992	8	29	4140
900227	860043	870946	1992	6	27	4228
900234	860208	840547	1992	7	28	2963
900237	850208	830496	1992	5	26	5242
900238	850201	850244	1992	6	27	2445
900242	850208	870200	1992	6	27	3570
900251	860026	880079	1992	8	28	5126
900254	860078	830424	1992	8	28	3747
900257	4133	840811	1992	6	26	4165
900260	860078	851055	1992	6	26	3430
900263	860026	880102	1992	9	29	4979
900264	860061	870410	1992	7	27	4322
900265	860026	870888	1992	6	26	4658
900267	850208	850152	1992	9	29	4220
900273	850208	850328	1992	7	27	4125
900276	860078	870596	1992	8	28	3898
900280	850208	820419	1992	8	28	4036
900284	850208	850982	1992	9	29	3407
900286	860041	880247	1992	6	26	4333
900288	860026	880234	1992	6	26	4700
900296	860078	851127	1992	7	27	4179
900297	860026	870953	1992	8	28	4261
900299	850208	870519	1992	6	26	4298
900302	850201	830465	1992	6	26	4075
900304	850208	851179	1992	7	27	4183
900308	850201	870204	1992	7	27	4203
900312	850208	840680	1992	8	28	3920
900319	850208	850877	1992	6	26	4764
900324	860078	830418	1992	6	26	4505
900326	860026	870766	1992	6	26	4558
900328	860035	880142	1992	6	26	5610
900329	850208	870264	1992	9	29	4070
900338	850208	870077	1992	6	25	4460
900350	860078	860629	1992	6	25	4620
900366	860041	880052	1992	9	28	2847
900377	850208	870098	1992	6	25	3670
900380	850208	870301	1992	8	27	4530
900383	860043	880173	1992	6	25	4816
900387	860078	860335	1992	7	26	3573
900389	850208	861061	1992	10	29	4033
900400	860035	880166	1992	8	27	3343
900402	860061	870657	1992	7	26	4087
900403	860043	880395	1992	7	26	6152
900405	850208	830241	1992	7	26	3886
900413	860078	850926	1992	10	29	3786
900415	860043	880146	1992	10	29	4541
900422	850208	830453	1992	8	26	3250
900424	850201	870138	1992	10	28	3354
900427	850201	840928	1992	10	28	4840
900433	860026	880137	1992	8	26	3226
900440	850201	850699	1992	8	26	3505
900443	850201	870141	1992	9	27	3461
900444	850201	870087	1992	8	26	4533
900446	860026	880014	1992	12	30	4687
900450	860078	860304	1992	9	27	4447
900458	860043	880020	1992	9	27	5728
900461	860054	861239	1992	10	28	4468
900463	860026	880160	1992	10	28	3396
900466	850201	851186	1993	4	34	5093
900471	860061	1332	1992	10	28	3671
900476	860078	870675	1992	10	28	4698
900477	860081	870034	1992	8	26	4759
900488	860078	840558	1992	8	26	4182
900490	860054	820310	1992	7	25	2813
900492	860078	1826	1992	8	26	5782
900496	860043	880168	1992	8	26	4151
900499	860081	850633	1992	8	25	4072
900502	860078	870279	1992	10	27	5192
900503	860061	820338	1992	10	27	3827
900510	860078	860327	1992	8	25	4970
900511	860078	861174	1992	12	29	4654
900516	850208	860097	1992	11	28	4920
900518	860081	2718	1992	11	28	3655
900525	860061	820312	1992	7	24	4920
900528	860078	850090	1992	7	24	4421
900529	860061	860084	1992	8	25	4209
900530	850208	860087	1992	10	27	4265
900534	860078	870335	1992	9	26	4562
900535	850208	851129	1992	10	27	4766
900537	860054	830174	1992	10	27	4020
900543	860061	830139	1992	11	28	3681
900545	850208	850850	1993	1	30	5286
900559	850208	841162	1992	8	25	4147
900561	850201	851163	1992	10	27	4569
900566	850208	860142	1992	8	25	4193
900571	850201	841027	1992	10	27	3996
900572	850201	851042	1992	12	29	4342
900585	850201	820051	1992	11	27	4161
900593	850201	841181	1992	10	26	4306
900595	850201	860614	1992	7	23	4467
900599	860061	860521	1992	10	26	2125
900602	860026	880205	1992	10	26	4686
900605	860078	860088	1992	10	26	4478
900611	860078	860892	1993	9	37	7310
900621	860054	850013	1992	9	25	3500
900623	860078	850300	1992	10	26	3940
900626	860078	840236	1992	10	26	3576
900628	860078	840009	1992	12	28	4384
900636	860026	880711	1992	12	28	4467
900644	860054	2738	1992	10	26	3288
900647	850201	841079	1992	10	26	4372
900657	850201	860052	1993	1	29	4620
900660	850201	860196	1993	1	29	3127
900661	850201	851045	1992	11	27	4380
900667	860041	880246	1992	10	25	4530
900680	850201	830022	1992	10	25	4128
900687	860041	880384	1992	12	27	5210
900689	850201	830310	1992	10	25	5388
900700	860054	840124	1992	10	25	4865
900701	860026	880307	1992	5	20	6012
900702	860041	880195	1992	12	27	3496
900704	850201	870182	1992	10	25	4800
900708	860078	820395	1992	12	27	4924
900719	860061	2403	1992	10	25	4174
900722	860190	850861	1992	10	25	3507
900723	4167	860001	1992	12	27	4965
900725	860078	840649	1992	10	25	3770
900736	860078	820292	1992	12	27	3235
900742	4167	861237	1992	12	27	4079
900744	4167	861294	1993	2	29	4427
900746	860041	880522	1992	11	26	4381
900750	4167	860643	1993	1	27	5058
900752	4167	850628	1992	10	24	4491
900757	860061	880563	1992	12	26	3842
900762	860190	870403	1993	1	27	5788
900766	4020	820055	1993	1	27	3956
900769	860078	840660	1993	2	28	4306
900771	4167	850893	1992	11	25	4486
900773	3978	840766	1992	10	24	3595
900778	850201	2291	1992	12	26	3714
900780	850201	830259	1992	12	26	3858
900781	860071	841064	1993	3	29	4877
900782	860035	880485	1993	2	28	5890
900784	860078	850779	1992	12	26	5478
900785	850201	2774	1992	12	26	4171
900795	870228	820172	1992	12	26	5602
900796	860078	840083	1993	1	27	4891
900797	860078	2438	1992	12	26	4080
900798	860078	2283	1993	2	28	5042
900799	860043	880475	1993	4	30	5235
900801	850201	860523	1993	1	27	4320
900803	850201	870053	1993	3	29	2065
900806	870228	2269	1992	12	26	4259
900811	4167	870813	1993	2	28	4987
900815	860035	850238	1993	2	28	5028
900817	860078	870468	1992	12	26	4907
900833	850201	830187	1993	1	26	5235
900839	860071	1725	1993	1	26	2936
900841	850201	830385	1993	2	27	5178
900844	4020	850907	1993	3	28	4597
900848	860078	851110	1993	1	26	4539
900853	860078	870515	1993	1	26	5210
900855	860071	870024	1993	3	28	5586
900856	860035	880814	1993	4	29	5652
900857	860054	1971	1992	12	25	4033
900859	4020	870849	1993	2	27	5950
900869	850201	850520	1993	2	27	4125
900872	4204	870858	1993	1	26	4892
900873	850201	870199	1993	1	26	5691
900878	860061	880472	1994	1	38	5239
900880	860043	880402	1993	3	28	4750
900881	850201	830056	1993	1	26	4690
900883	860071	830105	1992	12	25	4900
900884	870228	840363	1993	2	27	4748
900889	870228	840014	1993	1	26	3803
900893	860071	870725	1993	5	30	5804
900897	850201	850673	1993	2	27	4195
900900	3978	850367	1993	2	27	5080
900910	4204	850862	1992	12	25	5402
900912	3978	860839	1993	3	28	5462
900913	860190	840070	1993	2	27	5565
900916	3970	860911	1993	1	25	5270
900917	860061	880724	1993	4	28	5586
900918	4096	850525	1993	1	25	5658
900920	860190	840395	1993	3	27	4915
900925	4167	870101	1993	1	25	4585
900928	4096	870042	1993	4	28	4445
900932	3970	860779	1993	1	25	5024
900933	4050	830422	1993	3	27	3813
900938	860071	3232	1993	1	25	5288
900939	860041	880373	1993	1	25	4043
910003	3978	2868	1993	2	25	6102
910006	860026	870524	1993	2	25	5719
910010	870228	880251	1993	3	26	5840
910012	4020	870799	1993	1	24	4915
910014	860071	830427	1993	5	28	5364
910015	860035	861238	1993	3	26	4860
910017	4050	870706	1993	5	28	5596
910021	3970	870146	1993	3	26	6056
910022	860054	870877	1993	3	26	5722
910023	4096	830211	1993	3	26	6462
910025	4020	880104	1993	3	26	4294
910031	860078	850945	1993	1	24	4281
910035	860071	860331	1993	3	26	5005
910037	4050	880016	1993	3	26	4509
910040	870228	860818	1993	4	27	3596
910044	850201	870399	1993	5	28	4901
910056	870228	840011	1993	4	27	2866
910067	860081	880032	1993	5	28	4610
910068	850201	841152	1993	5	28	4116
910071	860190	870106	1993	4	27	5228
910077	3970	880102	1993	4	27	5509
910084	860041	880777	1993	3	25	3638
910086	3970	870930	1993	5	27	3840
910100	860078	880017	1993	8	30	5284
910101	860061	880347	1993	4	26	4044
910105	850201	880101	1993	8	30	4020
910107	860071	851044	1993	8	30	4249
910116	860071	851055	1993	6	28	5180
910117	870228	870249	1993	5	27	5257
910118	850201	880110	1993	7	29	4945
910119	850201	830268	1993	5	27	4728
910120	850201	880049	1993	5	27	4234
910122	870228	860244	1993	5	27	5058
910127	860071	880094	1993	7	29	4930
910128	870228	870903	1993	9	31	5637
910131	860035	850328	1993	3	25	6372
910134	860054	840976	1993	5	27	3660
910135	860071	860781	1993	7	29	5175
910143	860071	880124	1993	5	27	4829
910145	860035	880939	1993	5	27	5930
910150	4204	880070	1993	9	31	6889
910160	860071	870216	1993	5	27	5745
910168	870228	820434	1993	4	25	5112
910170	850201	861105	1993	7	28	5502
910172	860071	850982	1993	7	28	5770
910175	860041	880191	1993	4	25	4670
910176	860071	870953	1993	4	25	2955
910182	860071	870888	1993	7	28	2475
910185	870228	860431	1993	5	26	5670
910187	870228	880247	1993	7	28	5386
910189	860078	870596	1993	4	25	4476
910191	860071	861061	1993	5	26	4875
910192	860078	860107	1993	6	27	4034
910195	860078	880234	1993	9	30	4650
910198	860190	880821	1993	5	26	5913
910212	4096	870910	1993	6	27	5610
910215	860078	840687	1993	5	26	4836
910217	860190	880157	1993	7	28	5340
910221	850201	830066	1993	5	26	3980
910226	850201	880007	1993	5	26	4842
910232	4050	860339	1993	6	27	6019
910235	850201	861128	1993	10	31	4625
910236	4204	870895	1993	7	28	5331
910241	860078	860224	1993	6	27	4595
910244	860041	890013	1993	6	27	4864
910246	4204	851039	1993	5	26	5301
910250	850201	850926	1993	6	26	4809
910255	860078	890050	1993	7	27	3628
910256	3970	840567	1993	5	25	5546
910258	860054	880339	1994	1	33	4362
910266	860035	880331	1993	5	25	5681
910269	860061	880906	1993	6	26	5356
910271	860078	880330	1993	5	25	4516
910272	860078	830077	1993	6	26	4908
910276	860035	870566	1993	6	26	5082
910279	860054	880798	1993	6	26	4955
910280	860071	870892	1993	7	27	4491
910284	850201	851179	1993	8	28	5198
910288	860078	860207	1993	6	26	5032
910294	850201	860629	1993	8	28	5474
910306	850201	860783	1993	11	31	5225
910307	860078	880734	1993	8	28	2580
910308	4096	880160	1993	7	27	5244
910325	860071	870419	1993	6	26	5636
910332	4204	880230	1993	7	27	5265
910339	860071	890094	1993	6	25	4785
910340	860054	890146	1993	7	26	6123
910345	860078	870946	1993	10	29	5452
910359	860071	880887	1993	10	29	5632
910360	860078	860794	1993	6	25	4640
910368	860071	870433	1993	6	25	5542
910371	870228	890021	1993	8	27	3839
910375	870228	890060	1993	9	28	5152
910378	860078	890183	1993	10	29	4605
910386	860078	880851	1993	8	27	6522
910388	860041	890236	1993	8	27	4863
910391	860054	890141	1993	7	26	5087
910401	860078	880686	1993	9	28	2941
910417	860071	851042	1993	7	25	5731
910434	860061	890330	1993	8	26	5784
910444	870228	890002	1993	8	26	4267
910451	860078	880825	1993	7	25	4548
910456	870228	890230	1993	9	27	5258
910463	860078	890235	1993	8	26	3551
910473	860078	840580	1993	9	27	5608
910477	870228	870565	1993	8	26	4378
910482	870228	861279	1993	9	27	5454
910483	860054	840032	1993	8	26	4875
910484	860078	890160	1993	9	27	5805
910494	860078	820310	1993	10	28	4766
910504	860061	890336	1994	2	31	5693
910513	860041	870307	1993	9	26	5101
910516	860071	860521	1993	10	27	5764
910518	860071	851129	1993	9	26	5265
910528	860078	890352	1993	9	26	4640
910535	860061	880875	1993	9	26	3488
910544	870228	861177	1993	12	29	3760
910549	860061	860142	1993	9	26	5022
910554	870228	830220	1993	12	29	4446
910565	860071	830057	1993	9	26	5344
910568	860071	870828	1993	10	27	4650
910570	860078	851070	1993	10	27	6569
910571	860078	830510	1993	9	26	3683
910585	860071	870755	1993	10	26	4857
910590	860071	861243	1993	10	26	3855
910595	860054	880079	1993	9	25	5768
910598	860061	890584	1993	10	26	6115
910600	860071	850861	1993	10	26	4991
910603	860071	860196	1993	11	27	5292
910608	860078	890543	1993	12	28	5953
910610	860054	850013	1993	11	27	4893
910613	860078	890203	1993	10	26	3713
910617	880112	890074	1993	10	26	3930
910619	880112	840558	1993	10	26	4585
910626	860078	830396	1993	10	26	3840
910627	860078	880853	1993	12	28	5705
910638	860078	890547	1994	4	32	5798
910641	880112	890551	1993	11	27	5213
910643	860054	880173	1993	12	28	6694
910650	860071	830460	1993	10	26	3845
910661	860061	820172	1993	10	26	4432
910664	880112	890409	1993	12	28	6440
910665	860061	870629	1993	10	25	4924
910671	860078	861294	1993	12	27	5120
910672	880112	880916	1994	1	28	4867
910677	860078	880743	1993	12	27	5372
910678	860054	840897	1993	11	26	4628
910683	860071	870883	1993	12	27	4663
910696	860054	2335	1993	12	27	2325
910697	860071	860088	1993	11	26	5976
910698	890207	880558	1993	11	26	3110
910706	880108	870064	1994	1	28	5922
910708	870228	870515	1993	11	26	5040
910711	880108	860538	1993	10	25	4415
910714	880112	850808	1993	11	26	4982
910719	880108	850907	1993	11	26	5169
910724	890207	830452	1993	11	26	4106
910725	880108	880359	1993	12	27	5626
910727	880112	870647	1993	12	27	4876
910736	880112	860643	1994	1	28	5290
910738	860054	830251	1993	12	27	5820
910742	860054	890262	1994	1	28	4191
910743	860071	890647	1994	1	28	4140
910748	890213	890700	1993	12	26	7155
910751	860026	870721	1993	12	26	4719
910755	890848	890563	1993	12	26	5717
910760	3978	850520	1994	1	27	5657
910761	860071	840069	1994	3	29	5780
910764	3978	880722	1994	1	27	5168
910765	860071	851093	1993	12	26	4977
910774	860061	841099	1993	12	26	4202
910778	860071	890702	1994	2	28	6692
910785	860071	890502	1994	2	28	5493
910789	860078	870965	1993	12	26	5594
910793	860078	870868	1994	1	27	6674
910799	860054	870517	1994	1	27	4976
910803	860071	861238	1994	2	28	4928
910804	890214	880582	1994	1	27	5850
910805	860054	850238	1994	1	27	3998
910808	860071	880521	1994	3	29	6071
910810	860071	890771	1994	1	27	5883
910817	890214	890628	1994	1	27	5089
910819	890848	890737	1993	9	23	4159
910820	880112	890726	1994	2	28	4132
910826	860078	890570	1994	3	29	4878
910829	880112	890779	1994	3	29	5205
910830	890214	890655	1994	6	32	4515
910832	860071	840795	1994	1	26	6123
910833	4050	890736	1994	2	27	4702
910839	880189	890819	1994	1	26	4598
910844	890213	851151	1994	1	26	6937
910846	880189	890789	1994	2	27	4429
910847	890214	890564	1994	2	27	4883
910848	890213	851053	1994	2	27	4140
920001	4050	890688	1994	3	26	5774
920002	890213	890668	1994	1	24	5364
920006	860078	850093	1994	3	26	3765
920007	890213	850845	1994	4	27	5600
920009	860078	890752	1994	12	35	5120
920014	4204	890760	1994	2	25	6092
920015	860071	880085	1994	2	25	5205
920016	870228	890671	1994	2	25	5415
920017	4096	890783	1994	4	27	7364
920021	890848	890784	1994	3	26	4500
920022	860071	870190	1994	5	28	6085
920027	880189	890691	1994	5	28	4788
920030	890848	890745	1994	4	27	5745
920033	860078	880032	1994	5	28	5464
920039	870228	2979	1994	3	26	5650
920052	860078	890711	1994	4	27	4170
920060	860078	2781	1994	3	26	5177
920061	4096	880016	1995	1	36	6193
920064	860071	870898	1994	4	27	5004
920066	880112	870333	1994	4	27	6869
920071	870228	850947	1994	5	28	5619
920072	870228	850947	1994	3	26	4509
920077	860054	840070	1994	4	27	4555
920085	890214	890666	1994	4	26	5199
920087	870228	880158	1994	4	26	5445
920095	860078	860065	1994	1	23	4989
920102	870228	880777	1994	4	26	4497
920103	870228	851055	1994	4	26	4595
920108	860071	850352	1994	4	26	5018
920111	880112	850117	1994	4	26	3270
920114	870228	880676	1994	5	27	4900
920122	860054	870863	1994	6	28	4344
920145	860078	880876	1994	4	26	6260
920156	880112	870410	1994	5	27	4225
920165	860078	880049	1994	6	28	4203
920170	880112	850328	1994	4	25	4944
920173	870228	870249	1994	4	25	5125
920176	870228	870910	1994	5	26	5545
920202	890101	890631	1994	6	27	4507
920232	890138	900095	1994	5	26	3935
920259	880112	860058	1994	5	25	4319
920264	880112	890909	1994	5	25	3981
920269	890101	900141	1994	7	27	3802
920272	880112	840057	1994	9	29	4208
920274	890101	890246	1994	8	28	4699
920286	890138	890830	1994	6	26	5280
920297	880112	890857	1994	7	27	3385
920306	890101	900096	1994	6	26	2935
920309	890138	880024	1994	6	26	4669
920312	890138	840530	1994	7	27	1920
920318	860071	860955	1994	6	26	5124
920321	890848	870570	1995	1	33	7584
920323	870228	880844	1994	7	27	5010
920346	870228	890141	1994	7	26	5875
920381	860071	890335	1994	8	27	5030
920392	860071	840687	1994	8	27	5650
920398	4096	860521	1994	8	27	5685
920399	890848	900328	1994	8	27	6574
920405	870228	890242	1994	8	27	6262
920406	870228	870307	1994	9	28	5175
920410	890214	890002	1994	8	27	5788
920411	4167	890338	1994	5	24	2860
920412	870228	870565	1994	8	27	5064
920419	890214	900069	1994	8	26	3986
920442	890207	890032	1994	8	26	4954
920443	4096	890112	1994	9	27	6552
920448	890214	900018	1995	6	36	5234
920450	890207	880295	1994	8	26	4547
920451	880108	870279	1994	8	26	5154
920456	880108	851163	1994	9	27	5180
920458	880108	860097	1994	9	27	7435
920462	4167	900162	1994	10	28	6458
920466	860054	851071	1995	1	31	4847
920475	890213	900405	1994	10	28	5062
920476	870228	880910	1994	8	26	5786
920479	890213	880654	1994	9	27	4868
920483	880108	890137	1994	8	26	4181
920484	890207	880349	1994	8	26	2683
920489	890848	890047	1994	9	27	6084
920494	880108	890425	1994	9	27	4656
920496	870228	2868	1994	8	26	4789
920501	860054	851035	1994	12	29	5172
920502	880108	890843	1994	10	27	4911
920513	890207	870403	1994	8	25	6580
920515	890213	900387	1994	10	27	4840
920516	890848	890150	1994	8	25	3719
920520	880108	890584	1994	9	26	4894
920521	880108	890584	1995	1	30	5930
920530	870228	900528	1994	10	27	2384
920532	870228	860806	1994	8	25	4812
920536	870228	861177	1994	9	26	1882
920539	890848	900496	1994	10	27	4763
920544	860054	830268	1994	10	27	4317
920545	870228	890183	1994	10	27	4747
920547	870228	880137	1994	9	26	4146
920548	870228	860084	1994	10	27	5832
920563	880189	900122	1994	10	27	5449
920565	890213	900297	1994	10	27	6252
920567	880210	870200	1994	12	29	5991
920577	890213	900433	1994	11	28	6628
920585	880189	890313	1994	11	27	4607
920587	870228	851025	1994	10	26	5970
920600	890214	900458	1994	10	26	6004
920611	880114	890558	1994	11	27	5362
920612	870228	870768	1994	10	26	5521
920614	890214	890089	1994	10	26	4944
920618	890848	900262	1994	10	26	6817
920620	890214	830436	1994	10	26	6386
920627	880114	830241	1994	10	26	6026
920629	880114	890461	1994	10	26	5030
920640	880210	880916	1994	10	26	4687
920654	880114	890596	1994	11	27	6152
920662	880189	870287	1994	12	28	6930
920668	880210	900689	1995	1	28	7294
920673	890214	900535	1994	12	27	6002
920674	880108	900667	1994	11	26	6323
920678	880210	880558	1995	2	29	6841
920681	880108	900555	1994	11	26	6535
920694	880210	900561	1994	12	27	5688
920707	880210	880653	1994	11	26	6056
920711	880210	890230	1995	9	36	6940
920715	880210	880192	1994	11	26	5418
920718	880210	830348	1994	12	27	5420
920730	880210	860822	1994	12	27	5990
920731	890848	870965	1995	1	28	5300
920755	890213	890385	1995	2	28	6675
920757	4167	880830	1995	1	27	5823
920758	900243	851093	1995	4	30	7660
920761	900229	890737	1994	12	26	7380
920777	890848	890787	1995	7	33	7738
920782	4167	900746	1995	3	29	7398
920796	4167	890532	1995	6	32	7056
920797	4020	840069	1995	7	33	4736
920800	890213	890567	1995	4	30	6265
920806	900243	850673	1995	2	28	5771
920815	900243	900795	1995	3	29	6895
920818	4020	880610	1995	3	29	5820
920820	890213	900817	1995	2	28	7624
920831	860054	860017	1995	4	29	5555
920845	900235	880032	1995	3	28	5610
920859	4050	870042	1995	2	27	4878
920863	900243	861238	1995	3	28	5091
920866	900229	870290	1995	1	26	2931
930002	890213	841152	1995	2	25	6822
930003	900235	900873	1995	5	28	7577
930004	900229	850568	1995	5	28	6702
930026	900235	870898	1995	3	26	5880
930033	900243	860746	1995	3	26	6740
930036	900235	890783	1995	3	26	5230
930048	900243	900848	1995	3	26	7612
930052	900311	900750	1995	5	28	5381
930055	890213	870810	1995	2	25	6044
930059	900243	890867	1995	3	26	4658
930060	880210	900915	1995	2	25	4901
930063	890213	850163	1995	5	28	7900
930065	890213	2438	1995	3	26	6229
930070	880210	900916	1996	2	37	5004
930073	880210	840113	1995	4	27	4391
930075	880210	880049	1995	3	26	5678
930078	890213	910013	1995	5	28	5816
930080	880210	900853	1995	6	29	6282
930082	900243	910003	1995	3	26	5600
930083	890213	870711	1995	10	33	6950
930086	900243	900815	1995	3	25	5508
930094	890213	880911	1995	5	27	7108
930098	900311	900913	1995	4	26	6180
930107	900311	890689	1995	4	26	5009
930110	900311	851102	1995	6	28	5533
930114	900311	840570	1995	8	30	6280
930121	900311	861061	1995	6	28	6234
930147	900311	870468	1995	3	25	4944
930148	890213	890772	1995	9	31	6088
930163	890213	890721	1995	3	25	7488
930166	900311	890280	1995	7	29	5085
930171	880210	880794	1995	5	26	5643
930181	890848	900043	1995	4	25	7259
930192	900235	880701	1995	7	28	5664
930199	900235	890810	1995	6	27	4807
930214	900243	910035	1995	8	29	6042
930224	4020	860431	1995	5	26	5204
930226	4050	890939	1995	5	26	6260
930227	4020	860339	1995	8	29	7089
930230	4050	900126	1995	12	33	4725
930232	900229	890246	1995	5	26	6954
930234	900235	900095	1995	5	26	7654
930239	4050	870784	1995	6	27	7055
930250	4050	900466	1995	6	26	6054
930254	900229	900050	1995	6	26	6087
930265	4020	830374	1995	5	25	7557
930270	4020	870731	1995	5	25	6463
930271	4050	860125	1995	7	27	4525
930272	4050	860125	1995	9	29	4466
930275	4020	870910	1995	8	28	5534
930278	890213	880485	1995	6	26	5060
930287	4050	900856	1996	3	35	7503
930293	4050	870603	1995	6	26	4262
930295	900243	890143	1995	5	25	6556
930300	4020	840057	1995	5	25	6222
930302	900235	910175	1995	6	26	5447
930313	890213	890789	1995	6	26	5335
930324	900243	910122	1995	8	28	7996
930327	900235	910017	1995	7	27	5967
930329	890848	840976	1995	10	30	6486
930332	880210	910014	1995	7	27	6588
930335	4050	900030	1995	12	31	5667
930338	4050	880007	1995	6	25	6069
930340	4050	910117	1995	11	30	6394
930342	890213	900214	1995	8	27	7150
930346	880210	900328	1995	8	27	5879
930349	880210	910119	1995	7	26	6258
930355	900243	890113	1995	9	28	5737
930363	900229	870077	1995	8	27	5650
930367	900235	900826	1995	7	26	5675
930377	900235	910215	1995	7	26	6090
930384	900229	880818	1995	7	26	6449
930386	900229	880912	1995	7	26	6805
930391	4050	910191	1995	7	26	5942
930398	890848	890185	1995	7	26	6704
930409	890213	900047	1996	2	33	7043
930418	900243	900350	1995	7	25	5617
930420	880210	910276	1995	10	28	5840
930425	900243	900326	1995	9	27	6287
930438	880210	880070	1995	8	26	6550
930447	900229	910241	1995	8	26	6791
930451	4050	910288	1995	8	26	3958
930454	900229	890174	1995	8	26	6200
930456	900229	890528	1995	8	26	6469
930465	900243	890118	1995	7	25	5078
930473	890848	820419	1995	8	26	6932
930483	900235	910279	1996	2	32	6418
930488	890848	890425	1995	8	26	4692
930493	900235	910284	1995	8	26	7044
930505	880210	900490	1995	9	26	4555
930514	910274	910172	1996	1	30	6758
930518	910113	910187	1995	8	25	5142
930530	4167	890235	1995	9	26	6902
930538	4050	851163	1995	9	26	5898
930548	900235	900237	1995	10	27	6153
930554	4167	900031	1995	10	27	7246
930562	880210	861141	1995	9	26	6830
930573	4050	890944	1995	9	26	5722
930574	4020	890437	1995	8	25	7036
930578	900235	910280	1995	12	29	5850
930580	890213	910417	1995	8	25	7166
930582	4167	900324	1995	12	28	6883
930585	4167	910481	1996	1	29	6655
930586	900235	910483	1995	10	26	5650
930592	900235	910445	1995	11	27	6606
930596	4020	860327	1995	10	26	6057
930598	4167	880802	1995	10	26	6916
930600	900313	890461	1995	11	27	4305
930606	890213	900263	1995	12	28	6604
930608	890213	880857	1996	1	29	6784
930617	4167	910472	1995	11	27	5633
930618	4050	880045	1995	10	26	4588
930620	4020	890740	1995	10	26	7315
930621	4167	900222	1995	12	28	5610
930638	910274	910371	1995	12	28	3846
930639	4020	890362	1995	10	26	5823
930640	4167	880906	1996	1	29	6709
930648	910274	910444	1995	11	27	6283
930652	4167	870200	1995	10	26	4574
930659	4020	900492	1995	10	26	6474
930662	880210	890319	1995	12	28	6028
930663	910113	860097	1995	11	27	5807
930666	4167	910150	1996	4	31	7108
930669	4167	890337	1995	12	27	7199
930671	4020	890089	1995	11	26	5940
930675	890213	880192	1996	1	28	4812
930676	4050	851129	1995	10	25	6150
930680	4020	880898	1995	12	27	6324
930681	910274	890313	1996	4	31	6508
930683	4167	860207	1995	10	25	5587
930686	4167	910528	1995	10	25	5668
930687	4167	900599	1995	12	27	5591
930695	4020	910484	1996	1	28	7090
930697	910113	900667	1995	11	26	4970
930699	880210	870287	1995	11	26	6883
930700	890213	910195	1995	12	27	7617
930705	880210	870138	1995	10	25	5757
930710	880210	860643	1995	12	27	6518
930712	890213	900267	1996	2	29	6540
930713	4167	900602	1995	11	26	8040
930714	4167	910482	1996	5	32	7490
930723	4020	890745	1996	1	28	7092
930724	4167	880820	1995	12	27	6648
930726	3998	910595	1995	12	27	7366
930727	880210	900773	1995	12	27	6990
930730	4167	840897	1996	1	28	6272
930735	4020	850238	1995	11	26	6099
930736	4020	900725	1995	12	27	7218
930739	880210	910516	1995	11	26	5782
930742	880210	910617	1996	1	28	6877
930744	4020	840124	1996	1	28	7028
930746	910274	861294	1996	2	29	5171
930750	880210	910665	1996	1	27	6221
930758	4204	910301	1995	12	26	7869
930761	900311	860822	1995	12	26	6000
930762	3998	880653	1995	12	26	6351
930763	880210	910626	1996	1	27	4593
930765	4020	910585	1995	12	26	6175
930771	900311	900476	1995	12	26	4360
930776	4152	910598	1995	12	26	7248
930785	890848	880521	1996	3	29	6579
930788	3998	890563	1996	1	27	6607
930791	900313	900723	1996	1	27	5634
930797	900313	910603	1996	1	27	6106
930801	4152	890737	1996	1	27	5700
930811	4152	910708	1995	12	26	7095
930814	900313	890668	1996	1	27	6100
930815	900311	910610	1996	1	27	6426
930817	4152	900647	1996	1	27	6710
930820	4152	880032	1996	3	29	4881
930821	4020	900661	1996	1	27	6552
930823	4152	860017	1996	1	27	5230
930826	900313	890456	1995	12	26	4918
930827	890848	900873	1996	7	33	6050
930831	4050	900796	1996	2	27	7688
930832	910008	900543	1996	1	26	6334
930838	890848	900872	1996	2	27	7060
930839	890848	880610	1996	1	26	6065
930843	910274	910698	1996	1	26	4745
930847	890848	890814	1995	12	25	6033
930850	900311	910697	1995	12	25	6141
930856	900311	900571	1996	1	26	6245
930857	910008	890764	1996	4	29	5338
930862	910008	880777	1996	3	28	6075
930865	3998	900535	1996	2	27	8102
930866	900313	900780	1996	1	26	5285
930869	910008	870706	1996	2	27	6309
930870	4152	910671	1996	1	26	6065
930872	3998	910627	1996	8	33	7364
930874	900311	900657	1996	1	26	5141
930875	910008	880722	1996	1	26	5400
930878	900311	870740	1996	3	28	6014
930881	4152	910725	1996	7	32	6728
930886	900311	850170	1996	1	26	6645
930887	900311	870858	1996	2	27	4505
930888	4050	870830	1996	1	26	5689
930889	3998	900427	1996	2	27	5468
930891	900311	910755	1996	2	27	7388
930898	900313	900702	1996	2	27	6031
930900	900313	910751	1996	4	29	5939
930903	3998	890004	1996	2	27	7160
930904	4152	860523	1996	3	28	7002
930905	900311	900839	1996	1	26	5712
930907	910274	910789	1996	2	27	6804
930909	3998	870862	1996	2	27	6789
930911	890848	870711	1996	4	29	6038
930913	3998	840113	1996	1	26	7230
930914	4152	900883	1996	2	26	6325
930916	4050	880234	1996	4	28	5555
930920	900311	870930	1996	3	27	5334
940007	910008	890570	1996	3	26	5720
940008	880210	910736	1996	3	26	6822
940010	3998	870880	1996	5	28	6205
940012	4152	880231	1996	3	26	5091
940014	4050	890793	1996	2	25	6280
940018	910008	890724	1996	5	28	6491
940024	890848	900916	1996	3	26	5965
940025	4152	890013	1996	3	26	6870
940026	4050	900853	1996	3	26	5184
940028	900311	900771	1996	3	26	6177
940029	900313	900628	1996	3	26	5427
940034	900313	880555	1996	5	28	4607
940035	900313	900811	1996	4	27	6147
940036	4152	910804	1996	4	27	7415
940038	4050	910743	1996	3	26	5376
940039	4050	850799	1996	3	26	6326
940043	890848	870898	1996	3	26	5780
940045	910113	900925	1996	4	27	6687
940046	910008	910844	1996	2	25	6745
940048	910274	900784	1996	3	26	6111
940049	4050	890645	1996	4	27	6630
940052	3998	890721	1996	6	29	5484
940053	4050	870410	1996	2	25	7066
940055	4152	890656	1996	3	26	6113
940060	4050	850875	1996	4	27	7472
940064	4152	900855	1996	3	26	6905
940065	4167	870810	1996	4	27	6890
940066	880210	910258	1996	5	28	5292
940069	900313	920009	1996	4	27	5453
940071	3998	900762	1996	3	26	6511
940073	4204	890883	1996	3	26	5342
940077	4167	870290	1996	4	27	6728
940079	4050	840051	1996	3	26	5185
940080	900313	900933	1996	3	26	5648
940081	4050	860538	1996	3	26	5200
940085	4152	880865	1996	2	24	5430
940092	910113	900900	1996	3	25	4542
940101	4050	920016	1996	4	26	4585
940102	4050	870087	1996	4	26	4950
940105	4152	900105	1996	3	25	6070
940110	910113	880835	1996	3	25	6292
940111	910008	920015	1996	4	26	5788
940112	4050	890706	1996	4	26	6555
940114	4167	910848	1996	8	30	5349
940116	4204	900053	1996	3	25	6878
940118	4167	900884	1996	4	26	5858
940122	890848	890671	1996	3	25	4247
940123	4152	890810	1996	3	25	6656
940125	910008	910820	1996	5	27	3648
940129	4152	870849	1996	3	25	6015
940132	900313	890830	1996	4	26	4846
940133	4152	900028	1996	5	27	5675
940134	900311	850808	1996	5	27	4410
940143	3998	900466	1996	6	28	6164
940153	4050	870725	1996	5	27	5610
940155	910274	890886	1996	4	26	5639
940160	4050	910131	1996	7	29	5618
940162	4152	870024	1996	4	26	5123
940163	4204	910808	1996	5	27	5263
940165	4050	880779	1996	4	26	5650
940168	4050	910071	1996	4	25	5667
940172	4204	910829	1996	6	27	5763
940173	3998	890700	1996	5	26	6055
940193	4167	900928	1996	5	26	5971
940199	900311	900833	1996	6	27	4947
940201	4050	920039	1996	6	27	5236
940203	3998	890758	1996	5	26	7008
940204	3998	900100	1996	5	26	6222
940207	900313	910044	1996	6	27	4473
940210	4167	880486	1996	6	27	4495
940212	900313	890666	1997	2	35	5949
940217	900313	920102	1996	6	27	6250
940219	900311	851018	1996	6	27	5290
940222	900311	860063	1996	6	27	4536
940224	4050	890689	1996	6	27	6069
940225	910274	920066	1996	6	27	5954
940226	3998	920145	1996	5	26	6265
940231	900235	910638	1996	5	26	5878
940234	4050	880570	1996	8	29	5519
940238	900311	920030	1996	10	31	5451
940247	4152	910266	1996	5	26	5975
940257	900313	900134	1996	8	28	5808
940274	900313	910117	1996	7	27	6000
940277	910008	920170	1996	5	25	5268
940279	3998	900383	1996	10	30	7362
940281	4020	890425	1996	5	25	7477
940291	3998	870982	1996	6	26	6165
940299	4152	910272	1996	6	26	6263
940301	900313	900141	1996	7	27	5931
940302	910008	920033	1996	8	28	4563
940303	910008	920176	1996	7	27	7470
940306	900313	910185	1996	10	30	6482
940307	900313	910185	1996	7	27	7000
940308	4167	870396	1996	8	28	6835
940309	900313	920096	1996	7	27	6378
940311	4167	900214	1996	6	26	5223
940313	4050	920114	1996	6	26	5040
940315	4020	920022	1996	12	32	4891
940317	900313	920086	1996	6	26	4994
940319	4167	920156	1996	6	26	6891
940320	3998	910232	1996	6	26	5480
940325	4050	920071	1996	7	27	6425
940330	900229	920287	1996	8	28	5344
940337	4050	910340	1996	9	28	5976
940339	900183	900251	1996	6	25	6131
940341	3998	910236	1996	7	26	6040
940350	910008	880654	1996	7	26	4731
940352	900235	900122	1996	9	28	5310
940354	910008	850093	1996	7	26	5154
940356	900311	920165	1996	8	27	4528
940365	900183	920115	1996	7	26	4938
940370	910008	910118	1996	7	26	4581
940371	900235	890183	1996	8	27	5272
940374	900183	851039	1996	10	29	4998
940376	4204	910122	1996	9	28	7470
940383	910008	910391	1996	5	24	4956
940388	4204	920286	1996	9	28	5553
940392	900183	900328	1996	8	27	4278
940403	900311	870792	1996	12	31	4306
940413	900313	890049	1996	9	28	7314
940417	4204	920266	1996	12	30	7271
940421	900229	890118	1996	9	27	6179
940422	900235	890330	1996	10	28	6135
940433	900183	910294	1996	10	28	6727
940463	900235	890089	1996	11	29	6975
940464	900235	910244	1996	8	26	5914
940481	900235	920420	1996	10	28	4972
940493	900235	851035	1996	10	28	7588
940498	910008	880655	1997	1	31	7815
940500	910113	910434	1996	11	28	7469
940517	4167	920392	1997	3	32	6656
940526	900311	920399	1997	2	31	6359
940536	900235	920398	1996	11	28	5733
940548	900235	920412	1996	10	27	4356
940557	3978	920483	1996	11	28	7122
940569	4050	910661	1996	11	28	5418
940577	4167	920456	1997	5	34	6305
940578	4204	920479	1996	12	29	6598
940586	4167	890584	1996	12	28	5738
940590	4152	890737	1996	12	28	6376
940592	900311	900667	1996	11	27	6305
940597	910274	900723	1996	12	28	6977
940601	900235	870945	1997	1	29	4605
940602	4204	920443	1996	11	27	6016
940605	910008	920272	1996	12	28	4784
940609	3998	900312	1997	3	31	6712
940613	4167	920518	1997	6	34	5879
940616	4152	860431	1997	1	29	6855
940617	910274	880521	1996	12	28	6038
940622	4167	900561	1997	1	29	8392
940626	4050	910617	1996	12	28	6985
940631	900183	920600	1997	3	31	5355
940633	900311	900873	1997	2	30	5446
940634	900235	920544	1997	2	30	5838
940635	910008	890456	1997	1	29	7011
940638	4204	890655	1997	2	30	6973
940639	900311	910473	1997	3	31	7007
940645	900311	900585	1997	1	29	6507
940648	4050	880032	1997	1	29	5055
940649	4204	880842	1997	1	29	4618
940650	4167	920533	1997	1	29	6833
940654	900183	920618	1997	1	29	6008
940655	910008	880854	1997	2	30	6111
940660	3978	920537	1997	3	31	8525
940661	900235	890313	1997	1	29	6423
940664	4167	920565	1997	3	31	6308
940666	910008	900070	1996	12	27	5569
940667	3998	920587	1997	4	31	7056
940669	3978	890787	1997	5	32	6720
940675	910274	900324	1996	12	27	8317
940678	910113	910345	1997	1	28	5930
940682	910008	870146	1996	12	27	2230
940688	910008	900516	1997	4	31	7078
940690	4204	890323	1997	2	29	5996
940693	900235	910738	1997	2	29	6076
940697	910008	890779	1997	1	28	7589
940699	890848	910724	1997	3	30	6373
940702	4167	850238	1997	3	30	6734
940703	900311	910725	1997	5	32	4501
940706	4167	920402	1997	6	33	5411
940708	900235	920674	1997	1	28	7272
940713	4167	900647	1997	3	30	8670
940715	3978	900689	1996	12	27	6325
940718	890848	910719	1997	1	28	4979
940721	3978	920488	1997	3	30	6447
940722	3978	860001	1997	5	32	7253
940739	900311	900702	1997	2	29	6355
940741	4152	900511	1997	4	31	6493
940744	900313	920585	1997	1	28	6283
940746	900311	910150	1996	12	27	6827
940747	900313	920707	1997	1	28	7058
940749	900313	910810	1997	1	27	6930
940760	910020	890819	1997	1	27	6699
940761	900253	920554	1997	3	29	7118
940765	900311	880394	1997	3	29	6882
940768	910218	910672	1997	2	28	6530
940769	900313	910706	1997	3	29	6575
940770	920748	920662	1997	2	28	6663
940772	900183	920501	1997	5	31	6846
940774	910051	900780	1997	5	31	6164
940776	900313	920698	1996	9	23	5606
940778	900235	910774	1997	1	27	6621
940780	900235	880835	1997	4	30	5460
940782	900313	900916	1997	5	31	6516
940783	900235	900913	1997	2	28	7836
940785	900183	890656	1997	4	30	4720
940786	900313	920660	1997	2	28	7920
940788	910020	920673	1997	5	31	4536
940790	910218	900750	1997	4	30	6205
940796	900183	900771	1997	5	31	7435
940797	910218	920009	1997	4	30	6422
940800	900235	920761	1997	4	30	7454
940801	890848	860968	1997	3	29	6598
940802	900183	920235	1996	12	26	4566
950004	910218	890706	1997	4	27	7313
950005	901008	920866	1997	7	30	6753
950006	9120	890280	1997	5	28	6038
950007	900235	910765	1997	3	26	7729
950010	910274	870042	1997	5	28	6300
950019	900235	900785	1997	4	27	5258
950021	910218	900781	1997	4	27	6981
950022	900183	870762	1997	5	28	6910
950025	910218	890788	1997	4	27	6055
950039	900235	910570	1997	4	27	6404
950040	900235	910803	1997	3	26	6694
950044	910218	900815	1997	4	27	2958
950048	910051	910804	1997	5	28	6002
950056	900235	920859	1997	5	28	5926
950059	900235	890038	1997	5	28	6363
950061	910051	880309	1997	7	30	5254
950062	920748	920820	1997	7	30	6728
950068	900235	920806	1997	4	27	4526
950069	900313	900572	1997	3	26	6095
950070	900313	900841	1997	3	26	5748
950075	900313	890814	1997	4	27	7020
950086	900183	880779	1997	4	26	6759
950088	900313	900884	1997	3	25	6650
950089	900235	900920	1997	4	26	5854
950091	900235	890939	1997	4	26	6426
950096	911019	920102	1997	3	25	4737
950097	900183	880049	1997	5	27	6557
950098	910051	840395	1997	3	25	6314
950099	900313	930002	1997	3	25	7265
950103	910051	860708	1997	5	27	7504
950105	900235	890758	1997	5	27	8148
950106	910020	900856	1997	5	27	6679
950107	910051	920755	1997	6	28	5416
950124	920748	900708	1997	6	28	8358
950127	910020	910145	1997	5	27	3484
950130	911019	890719	1997	4	26	6432
950133	910051	930050	1997	5	27	6382
950134	900313	930033	1997	4	26	5328
950138	910218	900628	1997	5	27	7329
950139	910051	861303	1997	6	28	4500
950141	900183	930065	1997	4	26	5735
950143	901009	930086	1997	5	27	7125
950150	910218	930075	1997	5	27	6082
950152	910051	920060	1997	5	27	6567
950154	901008	920085	1997	5	27	5720
950156	901009	890700	1997	4	26	6513
950159	901008	920039	1997	5	27	6170
950167	900313	920863	1997	5	26	3060
950170	920748	930059	1997	6	27	5662
950173	911019	851055	1997	6	27	5599
950178	900313	870933	1997	7	28	5540
950182	911019	890675	1997	5	26	4900
950186	910020	860004	1997	7	28	5950
950192	901008	870440	1997	6	27	7601
950195	901008	930181	1997	5	26	7792
950200	900235	900122	1997	7	28	6162
950210	900313	930004	1997	7	28	6117
950239	901009	930300	1997	7	28	6478
950241	901009	910131	1997	7	28	7563
950335	920307	880148	1997	5	24	2432